dataset,split,video_id,video_path,label_id,budget,coverage,stride,pred_id,correct_top1,correct_top5,confidence,decode_time_s,inference_time_s,total_time_s,source_frames,candidate_frames,processed_frames,model_input_frames,skipped,error
diving48,val,Le6xdQ2OO8w_00124,data/Diving48_data/videos/Le6xdQ2OO8w_00124.mp4,0,32,10,16,3,False,False,0.43066897988319397,0.024746098992181942,0.0500832573752632,2.815341214998625,106,1,32,32,False,
diving48,val,bl0C6d9QgIg_00021,data/Diving48_data/videos/bl0C6d9QgIg_00021.mp4,0,32,10,16,24,False,False,0.38471657037734985,0.022209064016351476,0.0500832573752632,2.7874716649821494,51,1,32,32,False,
diving48,val,mGRum47TLX0_00045,data/Diving48_data/videos/mGRum47TLX0_00045.mp4,0,32,10,16,36,False,False,0.5433008074760437,0.02720378400408663,0.0500832573752632,2.7621186499891337,211,2,32,32,False,
diving48,val,L_SB1PRgDTE_00029,data/Diving48_data/videos/L_SB1PRgDTE_00029.mp4,0,32,10,16,31,False,False,0.19170723855495453,0.02521461501601152,0.0500832573752632,2.7321000730153173,87,1,32,32,False,
diving48,val,Le6xdQ2OO8w_00154,data/Diving48_data/videos/Le6xdQ2OO8w_00154.mp4,0,32,10,16,36,False,False,0.2912261486053467,0.023892007011454552,0.0500832573752632,2.7041471539996564,113,1,32,32,False,
diving48,val,Le6xdQ2OO8w_00127,data/Diving48_data/videos/Le6xdQ2OO8w_00127.mp4,0,32,10,16,36,False,False,0.6461584568023682,0.022186043992405757,0.0500832573752632,2.6772686230251566,161,1,32,32,False,
diving48,val,Le6xdQ2OO8w_00121,data/Diving48_data/videos/Le6xdQ2OO8w_00121.mp4,0,32,10,16,31,False,False,0.49989214539527893,0.022554724011570215,0.0500832573752632,2.6527478819771204,110,1,32,32,False,
diving48,val,Le6xdQ2OO8w_00119,data/Diving48_data/videos/Le6xdQ2OO8w_00119.mp4,0,32,10,16,32,False,False,0.2699613869190216,0.023423332982929423,0.0500832573752632,2.6277055790123995,130,1,32,32,False,
diving48,val,bSsVWVfYU4w_00118,data/Diving48_data/videos/bSsVWVfYU4w_00118.mp4,0,32,10,16,32,False,False,0.25184929370880127,0.02212452099774964,0.0500832573752632,2.6013476510124747,151,1,32,32,False,
diving48,val,bl0C6d9QgIg_00022,data/Diving48_data/videos/bl0C6d9QgIg_00022.mp4,0,32,10,16,7,False,False,0.10170448571443558,0.021870216995012015,0.0500832573752632,2.576756252004998,96,1,32,32,False,
diving48,val,bl0C6d9QgIg_00017,data/Diving48_data/videos/bl0C6d9QgIg_00017.mp4,0,32,10,16,15,False,False,0.4222394824028015,0.026130604004720226,0.0500832573752632,2.5517226069932804,250,2,32,32,False,
diving48,val,bl0C6d9QgIg_00023,data/Diving48_data/videos/bl0C6d9QgIg_00023.mp4,0,32,10,16,36,False,True,0.4864446222782135,0.025076017016544938,0.0500832573752632,2.5227526990056504,90,1,32,32,False,
diving48,val,bSsVWVfYU4w_00086,data/Diving48_data/videos/bSsVWVfYU4w_00086.mp4,0,32,10,16,36,False,False,0.6021971702575684,0.022754242992959917,0.0500832573752632,2.494609784014756,53,1,32,32,False,
diving48,val,bSsVWVfYU4w_00169,data/Diving48_data/videos/bSsVWVfYU4w_00169.mp4,0,32,10,16,16,False,False,0.1569235473871231,0.02277832798426971,0.0500832573752632,2.4686214120010845,141,1,32,32,False,
diving48,val,MbzIpx8kAD0_00025,data/Diving48_data/videos/MbzIpx8kAD0_00025.mp4,0,32,10,16,36,False,False,0.6094415187835693,0.022391155012883246,0.0500832573752632,2.4429038090165704,96,1,32,32,False,
diving48,val,ovWCmIMMkRI_00055,data/Diving48_data/videos/ovWCmIMMkRI_00055.mp4,0,32,10,16,24,False,False,0.33649376034736633,0.023078527010511607,0.0500832573752632,2.4175146089983173,88,1,32,32,False,
diving48,val,Le6xdQ2OO8w_00139,data/Diving48_data/videos/Le6xdQ2OO8w_00139.mp4,0,32,10,16,3,False,False,0.4390808939933777,0.0242506820068229,0.0500832573752632,2.3913874410209246,150,1,32,32,False,
diving48,val,Le6xdQ2OO8w_00160,data/Diving48_data/videos/Le6xdQ2OO8w_00160.mp4,0,32,10,16,3,False,False,0.5172126889228821,0.022552831011125818,0.0500832573752632,2.364224226999795,105,1,32,32,False,
diving48,val,Le6xdQ2OO8w_00120,data/Diving48_data/videos/Le6xdQ2OO8w_00120.mp4,0,32,10,16,36,False,False,0.9220552444458008,0.023177099006716162,0.0500832573752632,2.338218254997628,96,1,32,32,False,
diving48,val,zmacW6f2Tdk_00048,data/Diving48_data/videos/zmacW6f2Tdk_00048.mp4,0,32,10,16,36,False,True,0.324785977602005,0.021639584010699764,0.0500832573752632,2.3110940129845403,93,1,32,32,False,
diving48,val,cs8g1es4vfM_00034,data/Diving48_data/videos/cs8g1es4vfM_00034.mp4,1,32,10,16,36,False,False,0.9764567613601685,0.02522067099926062,0.0500832573752632,2.2865731970232446,64,1,32,32,False,
diving48,val,cs8g1es4vfM_00043,data/Diving48_data/videos/cs8g1es4vfM_00043.mp4,1,32,10,16,33,False,False,0.557197093963623,0.02138156199362129,0.0500832573752632,2.257102241012035,93,1,32,32,False,
diving48,val,CVAfPfVFulQ_00076,data/Diving48_data/videos/CVAfPfVFulQ_00076.mp4,1,32,10,16,36,False,False,0.36798375844955444,0.02381508200778626,0.0500832573752632,2.2330472659959923,92,1,32,32,False,
diving48,val,yHo2oERGo7A_00056,data/Diving48_data/videos/yHo2oERGo7A_00056.mp4,1,32,10,16,8,False,False,0.5585743188858032,0.02225559699581936,0.0500832573752632,2.206018901983043,122,1,32,32,False,
diving48,val,ovWCmIMMkRI_00058,data/Diving48_data/videos/ovWCmIMMkRI_00058.mp4,1,32,10,16,36,False,False,0.9136003255844116,0.02301691600587219,0.0500832573752632,2.1808255029900465,105,1,32,32,False,
diving48,val,yHo2oERGo7A_00058,data/Diving48_data/videos/yHo2oERGo7A_00058.mp4,1,32,10,16,33,False,False,0.34432515501976013,0.022553184011485428,0.0500832573752632,2.154999983002199,94,1,32,32,False,
diving48,val,cs8g1es4vfM_00056,data/Diving48_data/videos/cs8g1es4vfM_00056.mp4,1,32,10,16,36,False,False,0.4470454156398773,0.022094382991781458,0.0500832573752632,2.1287920429895166,102,1,32,32,False,
diving48,val,SbzcCzXjYSU_00049,data/Diving48_data/videos/SbzcCzXjYSU_00049.mp4,1,32,10,16,3,False,False,0.13805341720581055,0.02320295199751854,0.0500832573752632,2.103844432014739,87,1,32,32,False,
diving48,val,cs8g1es4vfM_00010,data/Diving48_data/videos/cs8g1es4vfM_00010.mp4,1,32,10,16,36,False,False,0.9801319241523743,0.024812366988044232,0.0500832573752632,2.0780245659989305,77,1,32,32,False,
diving48,val,ovWCmIMMkRI_00034,data/Diving48_data/videos/ovWCmIMMkRI_00034.mp4,1,32,10,16,36,False,False,0.24607083201408386,0.02248377798241563,0.0500832573752632,2.0500541939982213,92,1,32,32,False,
diving48,val,yHo2oERGo7A_00057,data/Diving48_data/videos/yHo2oERGo7A_00057.mp4,1,32,10,16,31,False,False,0.25361108779907227,0.02130065902019851,0.0500832573752632,2.02497129898984,102,1,32,32,False,
diving48,val,SbzcCzXjYSU_00056,data/Diving48_data/videos/SbzcCzXjYSU_00056.mp4,1,32,10,16,31,False,False,0.10473939031362534,0.025013995997142047,0.0500832573752632,2.0011510250042193,109,1,32,32,False,
diving48,val,jMEYIEYkpY0_00103,data/Diving48_data/videos/jMEYIEYkpY0_00103.mp4,1,32,10,16,36,False,False,0.5446226000785828,0.02992892000474967,0.05065526306225365,2.8563193070003763,140,1,32,32,False,
diving48,val,ovWCmIMMkRI_00033,data/Diving48_data/videos/ovWCmIMMkRI_00033.mp4,1,32,10,16,24,False,False,0.1627245545387268,0.028362049983115867,0.05065526306225365,2.822476759989513,72,1,32,32,False,
diving48,val,ovWCmIMMkRI_00057,data/Diving48_data/videos/ovWCmIMMkRI_00057.mp4,1,32,10,16,3,False,False,0.30583640933036804,0.022131598001578823,0.05065526306225365,2.789655413973378,102,1,32,32,False,
diving48,val,MbzIpx8kAD0_00065,data/Diving48_data/videos/MbzIpx8kAD0_00065.mp4,1,32,10,16,31,False,False,0.3698503375053406,0.02304636500775814,0.05065526306225365,2.7646843580005225,164,1,32,32,False,
diving48,val,cs8g1es4vfM_00033,data/Diving48_data/videos/cs8g1es4vfM_00033.mp4,1,32,10,16,36,False,False,0.9182151556015015,0.021588183008134365,0.05065526306225365,2.7393580339848995,99,1,32,32,False,
diving48,val,cs8g1es4vfM_00032,data/Diving48_data/videos/cs8g1es4vfM_00032.mp4,1,32,10,16,34,False,False,0.2088046818971634,0.02432830899488181,0.05065526306225365,2.7146634150121827,155,1,32,32,False,
diving48,val,ovWCmIMMkRI_00056,data/Diving48_data/videos/ovWCmIMMkRI_00056.mp4,1,32,10,16,15,False,False,0.5971790552139282,0.02494914599810727,0.05065526306225365,2.6873909649730194,90,1,32,32,False,
diving48,val,yHo2oERGo7A_00088,data/Diving48_data/videos/yHo2oERGo7A_00088.mp4,1,32,10,16,8,False,False,0.27302226424217224,0.022422515001380816,0.05065526306225365,2.659047647000989,114,1,32,32,False,
diving48,val,zmacW6f2Tdk_00058,data/Diving48_data/videos/zmacW6f2Tdk_00058.mp4,2,32,10,16,36,False,False,0.828417956829071,0.021519660018384457,0.05065526306225365,2.633613370009698,126,1,32,32,False,
diving48,val,rRw7peH60Yw_00032,data/Diving48_data/videos/rRw7peH60Yw_00032.mp4,2,32,10,16,3,False,False,0.36157798767089844,0.02864587600925006,0.05065526306225365,2.6096780019870494,128,1,32,32,False,
diving48,val,zmacW6f2Tdk_00057,data/Diving48_data/videos/zmacW6f2Tdk_00057.mp4,2,32,10,16,36,False,False,0.3816962242126465,0.023049359006108716,0.05065526306225365,2.578549772995757,127,1,32,32,False,
diving48,val,Le6xdQ2OO8w_00215,data/Diving48_data/videos/Le6xdQ2OO8w_00215.mp4,3,32,10,16,3,True,True,0.5565594434738159,0.020698356995126233,0.05065526306225365,2.5533940799941774,70,1,32,32,False,
diving48,val,Le6xdQ2OO8w_00201,data/Diving48_data/videos/Le6xdQ2OO8w_00201.mp4,3,32,10,16,36,False,False,0.6891727447509766,0.025224126991815865,0.05065526306225365,2.5298476490133908,133,1,32,32,False,
diving48,val,zmacW6f2Tdk_00039,data/Diving48_data/videos/zmacW6f2Tdk_00039.mp4,3,32,10,16,8,False,True,0.4253333508968353,0.028303867991780862,0.05065526306225365,2.5021363929845393,96,1,32,32,False,
diving48,val,Jud-06v5Ghw_00001,data/Diving48_data/videos/Jud-06v5Ghw_00001.mp4,3,32,10,16,3,True,True,0.6366183757781982,0.022149717988213524,0.05065526306225365,2.4702090100036003,115,1,32,32,False,
diving48,val,Le6xdQ2OO8w_00249,data/Diving48_data/videos/Le6xdQ2OO8w_00249.mp4,3,32,10,16,36,False,True,0.6450484991073608,0.025964403001125902,0.05065526306225365,2.4455997360055335,86,1,32,32,False,
diving48,val,Le6xdQ2OO8w_00256,data/Diving48_data/videos/Le6xdQ2OO8w_00256.mp4,3,32,10,16,31,False,True,0.6451349854469299,0.026963048992911354,0.05065526306225365,2.4151336640061345,60,1,32,32,False,
diving48,val,jMEYIEYkpY0_00031,data/Diving48_data/videos/jMEYIEYkpY0_00031.mp4,3,32,10,16,3,True,True,0.44297775626182556,0.02272131698555313,0.05065526306225365,2.382896557013737,117,1,32,32,False,
diving48,val,Le6xdQ2OO8w_00202,data/Diving48_data/videos/Le6xdQ2OO8w_00202.mp4,3,32,10,16,36,False,True,0.4111664891242981,0.026712331018643454,0.05065526306225365,2.35532658000011,105,1,32,32,False,
diving48,val,CVAfPfVFulQ_00079,data/Diving48_data/videos/CVAfPfVFulQ_00079.mp4,3,32,10,16,3,True,True,0.5293294787406921,0.021019161998992786,0.05065526306225365,2.32545511299395,41,1,32,32,False,
diving48,val,CVAfPfVFulQ_00084,data/Diving48_data/videos/CVAfPfVFulQ_00084.mp4,3,32,10,16,3,True,True,0.15601591765880585,0.023450239998055622,0.05065526306225365,2.3000404739868827,71,1,32,32,False,
diving48,val,yHo2oERGo7A_00006,data/Diving48_data/videos/yHo2oERGo7A_00006.mp4,3,32,10,16,34,False,True,0.4642144739627838,0.021597217011731118,0.05065526306225365,2.273143620986957,61,1,32,32,False,
diving48,val,SbzcCzXjYSU_00020,data/Diving48_data/videos/SbzcCzXjYSU_00020.mp4,3,32,10,16,15,False,True,0.3399427831172943,0.022465964022558182,0.05065526306225365,2.248263079993194,62,1,32,32,False,
diving48,val,jMEYIEYkpY0_00030,data/Diving48_data/videos/jMEYIEYkpY0_00030.mp4,3,32,10,16,31,False,True,0.23122335970401764,0.022317662020213902,0.05065526306225365,2.222793482011184,113,1,32,32,False,
diving48,val,Le6xdQ2OO8w_00172,data/Diving48_data/videos/Le6xdQ2OO8w_00172.mp4,3,32,10,16,8,False,True,0.38632088899612427,0.024006788997212425,0.05065526306225365,2.1976091540127527,105,1,32,32,False,
diving48,val,Le6xdQ2OO8w_00228,data/Diving48_data/videos/Le6xdQ2OO8w_00228.mp4,3,32,10,16,36,False,True,0.7615182399749756,0.024026137019973248,0.05065526306225365,2.1705824639939237,76,1,32,32,False,
diving48,val,roFeEJPgJD8_00038,data/Diving48_data/videos/roFeEJPgJD8_00038.mp4,3,32,10,16,32,False,True,0.358670711517334,0.027286293974611908,0.05065526306225365,2.143272651010193,79,1,32,32,False,
diving48,val,jMEYIEYkpY0_00029,data/Diving48_data/videos/jMEYIEYkpY0_00029.mp4,3,32,10,16,3,True,True,0.3020980954170227,0.025360255007399246,0.05065526306225365,2.11165325800539,189,2,32,32,False,
diving48,val,Le6xdQ2OO8w_00226,data/Diving48_data/videos/Le6xdQ2OO8w_00226.mp4,3,32,10,16,3,True,True,0.1996372640132904,0.023541911999927834,0.05065526306225365,2.083196360996226,98,1,32,32,False,
diving48,val,zmacW6f2Tdk_00040,data/Diving48_data/videos/zmacW6f2Tdk_00040.mp4,3,32,10,16,36,False,True,0.8046737313270569,0.021304933994542807,0.05065526306225365,2.055563223984791,131,1,32,32,False,
diving48,val,Le6xdQ2OO8w_00229,data/Diving48_data/videos/Le6xdQ2OO8w_00229.mp4,3,32,10,16,3,True,True,0.5266510248184204,0.024339608993614092,0.05065526306225365,2.031531352986349,109,1,32,32,False,
diving48,val,CVAfPfVFulQ_00080,data/Diving48_data/videos/CVAfPfVFulQ_00080.mp4,4,32,10,16,36,False,False,0.2826555371284485,0.02258518699090928,0.05065526306225365,2.0046775299997535,65,1,32,32,False,
diving48,val,Le6xdQ2OO8w_00234,data/Diving48_data/videos/Le6xdQ2OO8w_00234.mp4,4,32,10,16,31,False,False,0.1754065752029419,0.030401038995478302,0.05113727721891337,2.9030801860208157,203,2,32,32,False,
diving48,val,Le6xdQ2OO8w_00194,data/Diving48_data/videos/Le6xdQ2OO8w_00194.mp4,4,32,10,16,31,False,False,0.36976358294487,0.026670015009585768,0.05113727721891337,2.8674541829968803,122,1,32,32,False,
diving48,val,CVAfPfVFulQ_00063,data/Diving48_data/videos/CVAfPfVFulQ_00063.mp4,4,32,10,16,36,False,False,0.41813069581985474,0.023176393005996943,0.05113727721891337,2.8371461240167264,124,1,32,32,False,
diving48,val,bSsVWVfYU4w_00126,data/Diving48_data/videos/bSsVWVfYU4w_00126.mp4,4,32,10,16,36,False,False,0.8266344666481018,0.022396904998458922,0.05113727721891337,2.8109677449974697,152,1,32,32,False,
diving48,val,MbzIpx8kAD0_00057,data/Diving48_data/videos/MbzIpx8kAD0_00057.mp4,4,32,10,16,36,False,False,0.8708665370941162,0.02333963999990374,0.05113727721891337,2.7862299130065367,137,1,32,32,False,
diving48,val,Le6xdQ2OO8w_00235,data/Diving48_data/videos/Le6xdQ2OO8w_00235.mp4,4,32,10,16,3,False,False,0.3585522472858429,0.028674825996859,0.05113727721891337,2.760806504986249,183,2,32,32,False,
diving48,val,Le6xdQ2OO8w_00248,data/Diving48_data/videos/Le6xdQ2OO8w_00248.mp4,4,32,10,16,3,False,False,0.37663424015045166,0.024110030004521832,0.05113727721891337,2.7286328519985545,101,1,32,32,False,
diving48,val,Le6xdQ2OO8w_00214,data/Diving48_data/videos/Le6xdQ2OO8w_00214.mp4,4,32,10,16,29,False,False,0.29835739731788635,0.021246261982014403,0.05113727721891337,2.701004942995496,75,1,32,32,False,
diving48,val,Le6xdQ2OO8w_00179,data/Diving48_data/videos/Le6xdQ2OO8w_00179.mp4,4,32,10,16,3,False,False,0.367684543132782,0.023991430003661662,0.05113727721891337,2.6770789019938093,65,1,32,32,False,
diving48,val,L2tKML4URG8_00012,data/Diving48_data/videos/L2tKML4URG8_00012.mp4,4,32,10,16,31,False,False,0.829487681388855,0.02362936199642718,0.05113727721891337,2.650697605975438,53,1,32,32,False,
diving48,val,MbzIpx8kAD0_00059,data/Diving48_data/videos/MbzIpx8kAD0_00059.mp4,4,32,10,16,25,False,False,0.20444852113723755,0.022982734022662044,0.05113727721891337,2.6236152529891115,71,1,32,32,False,
diving48,val,L2tKML4URG8_00013,data/Diving48_data/videos/L2tKML4URG8_00013.mp4,4,32,10,16,36,False,False,0.8754456043243408,0.021555993997026235,0.05113727721891337,2.5977116049907636,101,1,32,32,False,
diving48,val,Le6xdQ2OO8w_00180,data/Diving48_data/videos/Le6xdQ2OO8w_00180.mp4,4,32,10,16,36,False,False,0.8324515223503113,0.023220139992190525,0.05113727721891337,2.5736394349951297,73,1,32,32,False,
diving48,val,bSsVWVfYU4w_00127,data/Diving48_data/videos/bSsVWVfYU4w_00127.mp4,4,32,10,16,36,False,False,0.3031427264213562,0.02250914298929274,0.05113727721891337,2.5480299760238267,106,1,32,32,False,
diving48,val,Le6xdQ2OO8w_00193,data/Diving48_data/videos/Le6xdQ2OO8w_00193.mp4,4,32,10,16,36,False,False,0.4682798683643341,0.023626014008186758,0.05113727721891337,2.5233889929950237,105,1,32,32,False,
diving48,val,bSsVWVfYU4w_00162,data/Diving48_data/videos/bSsVWVfYU4w_00162.mp4,4,32,10,16,15,False,False,0.4451318681240082,0.026326363993575796,0.05113727721891337,2.4972739960066974,187,2,32,32,False,
diving48,val,bSsVWVfYU4w_00163,data/Diving48_data/videos/bSsVWVfYU4w_00163.mp4,4,32,10,16,36,False,False,0.33698955178260803,0.022430017997976393,0.05113727721891337,2.468485157005489,135,1,32,32,False,
diving48,val,Le6xdQ2OO8w_00253,data/Diving48_data/videos/Le6xdQ2OO8w_00253.mp4,4,32,10,16,3,False,False,0.27900072932243347,0.023134860006393865,0.05113727721891337,2.4430765559955034,57,1,32,32,False,
diving48,val,mGRum47TLX0_00047,data/Diving48_data/videos/mGRum47TLX0_00047.mp4,4,32,10,16,36,False,False,0.9161883592605591,0.02283050399273634,0.05113727721891337,2.4170119489717763,74,1,32,32,False,
diving48,val,roFeEJPgJD8_00016,data/Diving48_data/videos/roFeEJPgJD8_00016.mp4,5,32,10,16,19,False,False,0.2964540719985962,0.020775078010046855,0.05113727721891337,2.3917605100141373,128,1,32,32,False,
diving48,val,zBXtMcI41z8_00026,data/Diving48_data/videos/zBXtMcI41z8_00026.mp4,5,32,10,16,3,False,False,0.40635204315185547,0.021982070000376552,0.05113727721891337,2.3689986079989467,59,1,32,32,False,
diving48,val,sFO6XlfgxNQ_00119,data/Diving48_data/videos/sFO6XlfgxNQ_00119.mp4,5,32,10,16,19,False,False,0.40970098972320557,0.022324560006381944,0.05113727721891337,2.344105584983481,87,1,32,32,False,
diving48,val,sFO6XlfgxNQ_00103,data/Diving48_data/videos/sFO6XlfgxNQ_00103.mp4,5,32,10,16,31,False,False,0.1401180624961853,0.022483223991002887,0.05113727721891337,2.319412099022884,79,1,32,32,False,
diving48,val,zBXtMcI41z8_00073,data/Diving48_data/videos/zBXtMcI41z8_00073.mp4,5,32,10,16,36,False,False,0.5802451968193054,0.023359480983344838,0.05113727721891337,2.2931929300248157,103,1,32,32,False,
diving48,val,sFO6XlfgxNQ_00061,data/Diving48_data/videos/sFO6XlfgxNQ_00061.mp4,5,32,10,16,36,False,False,0.46017584204673767,0.02558204298838973,0.05113727721891337,2.2676805479859468,183,2,32,32,False,
diving48,val,sFO6XlfgxNQ_00109,data/Diving48_data/videos/sFO6XlfgxNQ_00109.mp4,5,32,10,16,19,False,False,0.34174105525016785,0.02198150899494067,0.05113727721891337,2.237984447972849,60,1,32,32,False,
diving48,val,sFO6XlfgxNQ_00117,data/Diving48_data/videos/sFO6XlfgxNQ_00117.mp4,5,32,10,16,7,False,False,0.21336178481578827,0.03152120899176225,0.05113727721891337,2.2137476540228818,120,1,32,32,False,
diving48,val,zBXtMcI41z8_00074,data/Diving48_data/videos/zBXtMcI41z8_00074.mp4,5,32,10,16,15,False,False,0.2184399962425232,0.021957418008241802,0.05113727721891337,2.1781693329976406,81,1,32,32,False,
diving48,val,sFO6XlfgxNQ_00116,data/Diving48_data/videos/sFO6XlfgxNQ_00116.mp4,5,32,10,16,36,False,False,0.2649177312850952,0.02596804898348637,0.05113727721891337,2.153407767007593,206,2,32,32,False,
diving48,val,sFO6XlfgxNQ_00120,data/Diving48_data/videos/sFO6XlfgxNQ_00120.mp4,5,32,10,16,36,False,False,0.24877578020095825,0.03097087499918416,0.05113727721891337,2.124740280007245,116,1,32,32,False,
diving48,val,zBXtMcI41z8_00110,data/Diving48_data/videos/zBXtMcI41z8_00110.mp4,5,32,10,16,33,False,False,0.6322822570800781,0.030497217987431213,0.05113727721891337,2.089254724996863,72,1,32,32,False,
diving48,val,sFO6XlfgxNQ_00056,data/Diving48_data/videos/sFO6XlfgxNQ_00056.mp4,5,32,10,16,15,False,False,0.13556921482086182,0.03213506701285951,0.05113727721891337,2.0563930200005416,159,1,32,32,False,
diving48,val,jMEYIEYkpY0_00092,data/Diving48_data/videos/jMEYIEYkpY0_00092.mp4,5,32,10,16,31,False,False,0.58229660987854,0.030246968002757058,0.05146761909418274,2.8827543489751406,131,1,32,32,False,
diving48,val,zBXtMcI41z8_00028,data/Diving48_data/videos/zBXtMcI41z8_00028.mp4,5,32,10,16,3,False,False,0.4108646512031555,0.027458133990876377,0.05146761909418274,2.8478414959972724,59,1,32,32,False,
diving48,val,jMEYIEYkpY0_00090,data/Diving48_data/videos/jMEYIEYkpY0_00090.mp4,5,32,10,16,16,False,False,0.2007005512714386,0.021241227019345388,0.05146761909418274,2.8176662090118043,96,1,32,32,False,
diving48,val,sFO6XlfgxNQ_00104,data/Diving48_data/videos/sFO6XlfgxNQ_00104.mp4,5,32,10,16,3,False,False,0.31752708554267883,0.02655119399423711,0.05146761909418274,2.793285674008075,186,2,32,32,False,
diving48,val,sFO6XlfgxNQ_00111,data/Diving48_data/videos/sFO6XlfgxNQ_00111.mp4,5,32,10,16,3,False,False,0.24974913895130157,0.02364532300271094,0.05146761909418274,2.763968051003758,197,2,32,32,False,
diving48,val,zBXtMcI41z8_00109,data/Diving48_data/videos/zBXtMcI41z8_00109.mp4,5,32,10,16,15,False,False,0.25173574686050415,0.022809962974861264,0.05146761909418274,2.7375087040127255,95,1,32,32,False,
diving48,val,zBXtMcI41z8_00027,data/Diving48_data/videos/zBXtMcI41z8_00027.mp4,5,32,10,16,31,False,False,0.25146427750587463,0.023565722978673875,0.05146761909418274,2.711036683002021,73,1,32,32,False,
diving48,val,zBXtMcI41z8_00072,data/Diving48_data/videos/zBXtMcI41z8_00072.mp4,6,32,10,16,33,False,False,0.38918331265449524,0.02274173201294616,0.05146761909418274,2.6848115200118627,105,1,32,32,False,
diving48,val,zBXtMcI41z8_00067,data/Diving48_data/videos/zBXtMcI41z8_00067.mp4,6,32,10,16,31,False,False,0.27825212478637695,0.021641738014295697,0.05146761909418274,2.659036875003949,59,1,32,32,False,
diving48,val,qD3IMtAanSg_00067,data/Diving48_data/videos/qD3IMtAanSg_00067.mp4,6,32,10,16,19,False,False,0.22862540185451508,0.0210548400063999,0.05146761909418274,2.6340253679954913,57,1,32,32,False,
diving48,val,qD3IMtAanSg_00069,data/Diving48_data/videos/qD3IMtAanSg_00069.mp4,6,32,10,16,3,False,False,0.17841318249702454,0.02272587499464862,0.05146761909418274,2.609889156999998,102,1,32,32,False,
diving48,val,qD3IMtAanSg_00130,data/Diving48_data/videos/qD3IMtAanSg_00130.mp4,6,32,10,16,15,False,False,0.3522595167160034,0.02317922600195743,0.05146761909418274,2.584170224989066,70,1,32,32,False,
diving48,val,qD3IMtAanSg_00021,data/Diving48_data/videos/qD3IMtAanSg_00021.mp4,6,32,10,16,36,False,False,0.852056086063385,0.021821327012730762,0.05146761909418274,2.557660324004246,68,1,32,32,False,
diving48,val,qD3IMtAanSg_00060,data/Diving48_data/videos/qD3IMtAanSg_00060.mp4,6,32,10,16,15,False,False,0.5709915161132812,0.024777379992883652,0.05146761909418274,2.53218989999732,220,2,32,32,False,
diving48,val,qD3IMtAanSg_00092,data/Diving48_data/videos/qD3IMtAanSg_00092.mp4,6,32,10,16,7,False,False,0.37275293469429016,0.021364603016991168,0.05146761909418274,2.5046586190001108,154,1,32,32,False,
diving48,val,qD3IMtAanSg_00061,data/Diving48_data/videos/qD3IMtAanSg_00061.mp4,6,32,10,16,15,False,False,0.25254106521606445,0.02338666099240072,0.05146761909418274,2.47993692199816,127,1,32,32,False,
diving48,val,zBXtMcI41z8_00071,data/Diving48_data/videos/zBXtMcI41z8_00071.mp4,6,32,10,16,15,False,False,0.19754444062709808,0.0221762910077814,0.05146761909418274,2.4540766660065856,99,1,32,32,False,
diving48,val,zBXtMcI41z8_00070,data/Diving48_data/videos/zBXtMcI41z8_00070.mp4,6,32,10,16,36,False,False,0.1962347775697708,0.024922408018028364,0.05146761909418274,2.4287418889871333,122,1,32,32,False,
diving48,val,zBXtMcI41z8_00068,data/Diving48_data/videos/zBXtMcI41z8_00068.mp4,6,32,10,16,36,False,False,0.6687994599342346,0.022428816999308765,0.05146761909418274,2.4004526020144112,90,1,32,32,False,
diving48,val,qD3IMtAanSg_00074,data/Diving48_data/videos/qD3IMtAanSg_00074.mp4,6,32,10,16,15,False,False,0.25412794947624207,0.02445407200139016,0.05146761909418274,2.3742847310204525,245,2,32,32,False,
diving48,val,qD3IMtAanSg_00023,data/Diving48_data/videos/qD3IMtAanSg_00023.mp4,6,32,10,16,36,False,False,0.9712322950363159,0.0225968640006613,0.05146761909418274,2.346782249980606,85,1,32,32,False,
diving48,val,zBXtMcI41z8_00069,data/Diving48_data/videos/zBXtMcI41z8_00069.mp4,6,32,10,16,36,False,False,0.7628577351570129,0.023561330017400905,0.05146761909418274,2.321212895010831,100,1,32,32,False,
diving48,val,qD3IMtAanSg_00059,data/Diving48_data/videos/qD3IMtAanSg_00059.mp4,6,32,10,16,36,False,False,0.722981870174408,0.021891540993237868,0.05146761909418274,2.2946527999883983,152,1,32,32,False,
diving48,val,qD3IMtAanSg_00073,data/Diving48_data/videos/qD3IMtAanSg_00073.mp4,6,32,10,16,19,False,False,0.43984195590019226,0.021738705021562055,0.05146761909418274,2.270197963982355,101,1,32,32,False,
diving48,val,qD3IMtAanSg_00068,data/Diving48_data/videos/qD3IMtAanSg_00068.mp4,6,32,10,16,15,False,False,0.2279636412858963,0.025598115986213088,0.05146761909418274,2.2456534359953366,181,2,32,32,False,
diving48,val,qD3IMtAanSg_00091,data/Diving48_data/videos/qD3IMtAanSg_00091.mp4,6,32,10,16,36,False,False,0.5821961760520935,0.022204362991033122,0.05146761909418274,2.216907560999971,108,1,32,32,False,
diving48,val,qD3IMtAanSg_00075,data/Diving48_data/videos/qD3IMtAanSg_00075.mp4,6,32,10,16,36,False,False,0.8295994997024536,0.029859721020329744,0.05146761909418274,2.192127047019312,191,2,32,32,False,
diving48,val,zmacW6f2Tdk_00027,data/Diving48_data/videos/zmacW6f2Tdk_00027.mp4,7,32,10,16,36,False,False,0.7950557470321655,0.0214131289976649,0.05146761909418274,2.159179870010121,97,1,32,32,False,
diving48,val,qD3IMtAanSg_00029,data/Diving48_data/videos/qD3IMtAanSg_00029.mp4,7,32,10,16,31,False,True,0.24083130061626434,0.02254952600924298,0.05146761909418274,2.135243130993331,71,1,32,32,False,
diving48,val,k71Cc-Sm-Mg_00169,data/Diving48_data/videos/k71Cc-Sm-Mg_00169.mp4,7,32,10,16,31,False,False,0.23417896032333374,0.027258371002972126,0.05146761909418274,2.10930639700382,122,1,32,32,False,
diving48,val,TMJ1XIZBRW4_00036,data/Diving48_data/videos/TMJ1XIZBRW4_00036.mp4,7,32,10,16,19,False,False,0.7784993648529053,0.02908038199529983,0.05146761909418274,2.0788883900095243,53,1,32,32,False,
diving48,val,k71Cc-Sm-Mg_00170,data/Diving48_data/videos/k71Cc-Sm-Mg_00170.mp4,7,32,10,16,15,False,True,0.38886144757270813,0.03125531898695044,0.05146761909418274,2.0454320599965286,122,1,32,32,False,
diving48,val,zmacW6f2Tdk_00009,data/Diving48_data/videos/zmacW6f2Tdk_00009.mp4,7,32,10,16,31,False,False,0.2461327314376831,0.032076014002086595,0.05023609765612491,2.8742528129951097,113,1,32,32,False,
diving48,val,XfCaMLlyj9I_00113,data/Diving48_data/videos/XfCaMLlyj9I_00113.mp4,7,32,10,16,8,False,False,0.42587798833847046,0.030098838993581012,0.05023609765612491,2.838507042004494,77,1,32,32,False,
diving48,val,rRw7peH60Yw_00018,data/Diving48_data/videos/rRw7peH60Yw_00018.mp4,7,32,10,16,8,False,False,0.41219717264175415,0.03387049201410264,0.05023609765612491,2.8048559179878794,77,1,32,32,False,
diving48,val,sFO6XlfgxNQ_00087,data/Diving48_data/videos/sFO6XlfgxNQ_00087.mp4,7,32,10,16,31,False,False,0.34168121218681335,0.032305289001669735,0.05023609765612491,2.767717861017445,180,2,32,32,False,
diving48,val,k71Cc-Sm-Mg_00041,data/Diving48_data/videos/k71Cc-Sm-Mg_00041.mp4,7,32,10,16,36,False,False,0.9704887866973877,0.023170236992882565,0.05023609765612491,2.7322946630010847,161,1,32,32,False,
diving48,val,rRw7peH60Yw_00006,data/Diving48_data/videos/rRw7peH60Yw_00006.mp4,7,32,10,16,3,False,False,0.24029767513275146,0.027047042996855453,0.05023609765612491,2.7059182660013903,140,1,32,32,False,
diving48,val,zmacW6f2Tdk_00015,data/Diving48_data/videos/zmacW6f2Tdk_00015.mp4,7,32,10,16,29,False,False,0.6140106916427612,0.022191216005012393,0.05023609765612491,2.6766032540181186,115,1,32,32,False,
diving48,val,zmacW6f2Tdk_00017,data/Diving48_data/videos/zmacW6f2Tdk_00017.mp4,7,32,10,16,8,False,False,0.22272224724292755,0.025915317004546523,0.05023609765612491,2.6522086629993282,116,1,32,32,False,
diving48,val,SbzcCzXjYSU_00008,data/Diving48_data/videos/SbzcCzXjYSU_00008.mp4,7,32,10,16,36,False,False,0.4073012173175812,0.02871504198992625,0.05023609765612491,2.6235197740024887,248,2,32,32,False,
diving48,val,SbzcCzXjYSU_00034,data/Diving48_data/videos/SbzcCzXjYSU_00034.mp4,7,32,10,16,3,False,False,0.526425838470459,0.024907924991566688,0.05023609765612491,2.592150666983798,175,2,32,32,False,
diving48,val,jMEYIEYkpY0_00028,data/Diving48_data/videos/jMEYIEYkpY0_00028.mp4,7,32,10,16,34,False,False,0.328785240650177,0.021826773008797318,0.05023609765612491,2.5643705959955696,162,1,32,32,False,
diving48,val,SbzcCzXjYSU_00054,data/Diving48_data/videos/SbzcCzXjYSU_00054.mp4,7,32,10,16,15,False,False,0.3236011564731598,0.021538783999858424,0.05023609765612491,2.5392861400032416,141,1,32,32,False,
diving48,val,qD3IMtAanSg_00103,data/Diving48_data/videos/qD3IMtAanSg_00103.mp4,7,32,10,16,36,False,False,0.3124459981918335,0.02195639899582602,0.05023609765612491,2.515334700990934,64,1,32,32,False,
diving48,val,zmacW6f2Tdk_00028,data/Diving48_data/videos/zmacW6f2Tdk_00028.mp4,7,32,10,16,8,False,False,0.5159817934036255,0.023981604987056926,0.05023609765612491,2.490541993000079,85,1,32,32,False,
diving48,val,zmacW6f2Tdk_00051,data/Diving48_data/videos/zmacW6f2Tdk_00051.mp4,7,32,10,16,8,False,False,0.30255475640296936,0.026438791974214837,0.05023609765612491,2.4631326259986963,127,1,32,32,False,
diving48,val,yHo2oERGo7A_00066,data/Diving48_data/videos/yHo2oERGo7A_00066.mp4,8,32,10,16,36,False,False,0.5581918954849243,0.022241754981223494,0.05023609765612491,2.4341754479974043,131,1,32,32,False,
diving48,val,yHo2oERGo7A_00046,data/Diving48_data/videos/yHo2oERGo7A_00046.mp4,8,32,10,16,8,True,True,0.7223232388496399,0.02149817900499329,0.05023609765612491,2.409687823994318,87,1,32,32,False,
diving48,val,zmacW6f2Tdk_00018,data/Diving48_data/videos/zmacW6f2Tdk_00018.mp4,8,32,10,16,36,False,False,0.42075279355049133,0.024954092979896814,0.05023609765612491,2.385667357011698,77,1,32,32,False,
diving48,val,Le6xdQ2OO8w_00183,data/Diving48_data/videos/Le6xdQ2OO8w_00183.mp4,8,32,10,16,3,False,True,0.38756853342056274,0.02403881700593047,0.05023609765612491,2.3578037430124823,78,1,32,32,False,
diving48,val,zmacW6f2Tdk_00019,data/Diving48_data/videos/zmacW6f2Tdk_00019.mp4,8,32,10,16,25,False,True,0.16243551671504974,0.022490862000267953,0.05023609765612491,2.330261661991244,62,1,32,32,False,
diving48,val,yHo2oERGo7A_00061,data/Diving48_data/videos/yHo2oERGo7A_00061.mp4,8,32,10,16,31,False,True,0.28505292534828186,0.023016718012513593,0.05023609765612491,2.3046566630073357,106,1,32,32,False,
diving48,val,jMEYIEYkpY0_00035,data/Diving48_data/videos/jMEYIEYkpY0_00035.mp4,8,32,10,16,36,False,False,0.2593250274658203,0.022591543005546555,0.05023609765612491,2.2790856760111637,96,1,32,32,False,
diving48,val,Le6xdQ2OO8w_00232,data/Diving48_data/videos/Le6xdQ2OO8w_00232.mp4,8,32,10,16,3,False,True,0.2957630455493927,0.023200695984996855,0.05023609765612491,2.2534745589946397,45,1,32,32,False,
diving48,val,roFeEJPgJD8_00036,data/Diving48_data/videos/roFeEJPgJD8_00036.mp4,8,32,10,16,3,False,False,0.31118980050086975,0.026375421992270276,0.05023609765612491,2.2254672019917052,74,1,32,32,False,
diving48,val,mGRum47TLX0_00057,data/Diving48_data/videos/mGRum47TLX0_00057.mp4,8,32,10,16,36,False,False,0.8401392102241516,0.02730612800223753,0.05023609765612491,2.1965604510041885,179,2,32,32,False,
diving48,val,jMEYIEYkpY0_00094,data/Diving48_data/videos/jMEYIEYkpY0_00094.mp4,8,32,10,16,31,False,False,0.3452138304710388,0.024052366003161296,0.05023609765612491,2.166008428001078,98,1,32,32,False,
diving48,val,SbzcCzXjYSU_00021,data/Diving48_data/videos/SbzcCzXjYSU_00021.mp4,8,32,10,16,3,False,False,0.6000034213066101,0.024642636999487877,0.05023609765612491,2.137914457998704,73,1,32,32,False,
diving48,val,cs8g1es4vfM_00020,data/Diving48_data/videos/cs8g1es4vfM_00020.mp4,8,32,10,16,3,False,True,0.3516837954521179,0.02568072799476795,0.05023609765612491,2.110021393018542,157,1,32,32,False,
diving48,val,CVAfPfVFulQ_00060,data/Diving48_data/videos/CVAfPfVFulQ_00060.mp4,8,32,10,16,31,False,False,0.45714545249938965,0.021930185990640894,0.05023609765612491,2.081404687021859,79,1,32,32,False,
diving48,val,yHo2oERGo7A_00044,data/Diving48_data/videos/yHo2oERGo7A_00044.mp4,8,32,10,16,36,False,False,0.1880718171596527,0.026276821008650586,0.05023609765612491,2.056085490999976,163,1,32,32,False,
diving48,val,jMEYIEYkpY0_00095,data/Diving48_data/videos/jMEYIEYkpY0_00095.mp4,8,32,10,16,7,False,False,0.1663203239440918,0.02226803099620156,0.05023609765612491,2.0271580949774943,86,1,32,32,False,
diving48,val,yHo2oERGo7A_00059,data/Diving48_data/videos/yHo2oERGo7A_00059.mp4,8,32,10,16,16,False,False,0.16729223728179932,0.02626332500949502,0.05023609765612491,2.002170185005525,128,1,32,32,False,
diving48,val,Le6xdQ2OO8w_00224,data/Diving48_data/videos/Le6xdQ2OO8w_00224.mp4,8,32,10,16,3,False,True,0.4855140149593353,0.0252102569793351,0.050377317593301996,2.830020210996736,123,1,32,32,False,
diving48,val,bSsVWVfYU4w_00170,data/Diving48_data/videos/bSsVWVfYU4w_00170.mp4,8,32,10,16,15,False,False,0.21501444280147552,0.02357434298028238,0.050377317593301996,2.7988528510031756,85,1,32,32,False,
diving48,val,yHo2oERGo7A_00054,data/Diving48_data/videos/yHo2oERGo7A_00054.mp4,8,32,10,16,31,False,False,0.4634455442428589,0.021864515001652762,0.050377317593301996,2.772539282013895,94,1,32,32,False,
diving48,val,roFeEJPgJD8_00032,data/Diving48_data/videos/roFeEJPgJD8_00032.mp4,9,32,10,16,19,False,False,0.24373109638690948,0.0216583970177453,0.050377317593301996,2.74853950299439,58,1,32,32,False,
diving48,val,roFeEJPgJD8_00029,data/Diving48_data/videos/roFeEJPgJD8_00029.mp4,9,32,10,16,31,False,False,0.1065107136964798,0.025268775003496557,0.050377317593301996,2.7238447009876836,224,2,32,32,False,
diving48,val,qD3IMtAanSg_00018,data/Diving48_data/videos/qD3IMtAanSg_00018.mp4,10,32,10,16,24,False,False,0.3983116149902344,0.022650669008726254,0.050377317593301996,2.6956559359969106,90,1,32,32,False,
diving48,val,qD3IMtAanSg_00082,data/Diving48_data/videos/qD3IMtAanSg_00082.mp4,10,32,10,16,7,False,False,0.46008050441741943,0.021884579997276887,0.050377317593301996,2.6696081399859395,61,1,32,32,False,
diving48,val,qD3IMtAanSg_00007,data/Diving48_data/videos/qD3IMtAanSg_00007.mp4,10,32,10,16,36,False,False,0.8568792343139648,0.023283289978280663,0.050377317593301996,2.6440961830085143,131,1,32,32,False,
diving48,val,qD3IMtAanSg_00084,data/Diving48_data/videos/qD3IMtAanSg_00084.mp4,10,32,10,16,3,False,False,0.18293501436710358,0.020986753021134064,0.050377317593301996,2.6175017039931845,63,1,32,32,False,
diving48,val,qD3IMtAanSg_00100,data/Diving48_data/videos/qD3IMtAanSg_00100.mp4,10,32,10,16,3,False,False,0.2210574895143509,0.02315188100328669,0.050377317593301996,2.592860357981408,114,1,32,32,False,
diving48,val,qD3IMtAanSg_00005,data/Diving48_data/videos/qD3IMtAanSg_00005.mp4,10,32,10,16,19,False,False,0.08999591320753098,0.022535864991368726,0.050377317593301996,2.5669780480093323,152,1,32,32,False,
diving48,val,qD3IMtAanSg_00123,data/Diving48_data/videos/qD3IMtAanSg_00123.mp4,10,32,10,16,33,False,False,0.17481884360313416,0.021745162026491016,0.050377317593301996,2.541843841987429,108,1,32,32,False,
diving48,val,qD3IMtAanSg_00125,data/Diving48_data/videos/qD3IMtAanSg_00125.mp4,10,32,10,16,24,False,False,0.16280317306518555,0.023498294001910836,0.050377317593301996,2.517305507994024,107,1,32,32,False,
diving48,val,qD3IMtAanSg_00098,data/Diving48_data/videos/qD3IMtAanSg_00098.mp4,10,32,10,16,36,False,False,0.3042770028114319,0.024498054990544915,0.050377317593301996,2.489821597991977,204,2,32,32,False,
diving48,val,qD3IMtAanSg_00124,data/Diving48_data/videos/qD3IMtAanSg_00124.mp4,10,32,10,16,33,False,False,0.2678489685058594,0.024472730001434684,0.050377317593301996,2.463007769023534,181,2,32,32,False,
diving48,val,qD3IMtAanSg_00083,data/Diving48_data/videos/qD3IMtAanSg_00083.mp4,10,32,10,16,7,False,False,0.34056562185287476,0.02170915898750536,0.050377317593301996,2.435989726014668,139,1,32,32,False,
diving48,val,qD3IMtAanSg_00017,data/Diving48_data/videos/qD3IMtAanSg_00017.mp4,10,32,10,16,15,False,False,0.24310067296028137,0.02513568600988947,0.050377317593301996,2.410914584004786,166,2,32,32,False,
diving48,val,qD3IMtAanSg_00099,data/Diving48_data/videos/qD3IMtAanSg_00099.mp4,10,32,10,16,33,False,False,0.14596027135849,0.02183639202849008,0.050377317593301996,2.3831880090001505,146,1,32,32,False,
diving48,val,qD3IMtAanSg_00016,data/Diving48_data/videos/qD3IMtAanSg_00016.mp4,10,32,10,16,33,False,False,0.21627004444599152,0.021624268003506586,0.050377317593301996,2.358338704012567,100,1,32,32,False,
diving48,val,qD3IMtAanSg_00006,data/Diving48_data/videos/qD3IMtAanSg_00006.mp4,10,32,10,16,15,False,False,0.14427508413791656,0.021217310015344992,0.050377317593301996,2.334291748004034,156,1,32,32,False,
diving48,val,qD3IMtAanSg_00116,data/Diving48_data/videos/qD3IMtAanSg_00116.mp4,11,32,10,16,33,False,False,0.4679839313030243,0.02454320900142193,0.050377317593301996,2.309905473026447,204,2,32,32,False,
diving48,val,qD3IMtAanSg_00063,data/Diving48_data/videos/qD3IMtAanSg_00063.mp4,11,32,10,16,7,False,False,0.33205050230026245,0.024528467998607084,0.050377317593301996,2.282650934997946,203,2,32,32,False,
diving48,val,qD3IMtAanSg_00110,data/Diving48_data/videos/qD3IMtAanSg_00110.mp4,11,32,10,16,12,False,True,0.3483925461769104,0.022295018017757684,0.050377317593301996,2.2550777579890564,69,1,32,32,False,
diving48,val,qD3IMtAanSg_00046,data/Diving48_data/videos/qD3IMtAanSg_00046.mp4,11,32,10,16,14,False,False,0.14574363827705383,0.025314790022093803,0.050377317593301996,2.2291960599832237,181,2,32,32,False,
diving48,val,qD3IMtAanSg_00115,data/Diving48_data/videos/qD3IMtAanSg_00115.mp4,11,32,10,16,24,False,False,0.28897571563720703,0.023877222003648058,0.050377317593301996,2.201030347001506,81,1,32,32,False,
diving48,val,qD3IMtAanSg_00064,data/Diving48_data/videos/qD3IMtAanSg_00064.mp4,11,32,10,16,36,False,False,0.6860814094543457,0.023525758006144315,0.050377317593301996,2.1737472059903666,75,1,32,32,False,
diving48,val,qD3IMtAanSg_00062,data/Diving48_data/videos/qD3IMtAanSg_00062.mp4,11,32,10,16,15,False,False,0.19444669783115387,0.024102317984215915,0.050377317593301996,2.1478108080045786,85,1,32,32,False,
diving48,val,qD3IMtAanSg_00066,data/Diving48_data/videos/qD3IMtAanSg_00066.mp4,11,32,10,16,7,False,True,0.1944231539964676,0.023412650014506653,0.050377317593301996,2.1206297210010234,217,2,32,32,False,
diving48,val,qD3IMtAanSg_00112,data/Diving48_data/videos/qD3IMtAanSg_00112.mp4,11,32,10,16,15,False,False,0.2813563048839569,0.02221399499103427,0.050377317593301996,2.0941126800025813,75,1,32,32,False,
diving48,val,qD3IMtAanSg_00065,data/Diving48_data/videos/qD3IMtAanSg_00065.mp4,11,32,10,16,36,False,False,0.3081393539905548,0.021625941997626796,0.050377317593301996,2.0691983360156883,83,1,32,32,False,
diving48,val,qD3IMtAanSg_00113,data/Diving48_data/videos/qD3IMtAanSg_00113.mp4,11,32,10,16,19,False,False,0.2815415561199188,0.022696889005601406,0.050377317593301996,2.044521474017529,92,1,32,32,False,
diving48,val,zBXtMcI41z8_00058,data/Diving48_data/videos/zBXtMcI41z8_00058.mp4,11,32,10,16,15,False,False,0.262910932302475,0.024656824010889977,0.050377317593301996,2.018875409994507,126,1,32,32,False,
diving48,val,zBXtMcI41z8_00059,data/Diving48_data/videos/zBXtMcI41z8_00059.mp4,11,32,10,16,36,False,False,0.45997196435928345,0.02477514001657255,0.05126876606209407,2.874755541997729,137,1,32,32,False,
diving48,val,zBXtMcI41z8_00057,data/Diving48_data/videos/zBXtMcI41z8_00057.mp4,11,32,10,16,31,False,False,0.46471086144447327,0.032010237977374345,0.05126876606209407,2.846171163022518,175,2,32,32,False,
diving48,val,qD3IMtAanSg_00114,data/Diving48_data/videos/qD3IMtAanSg_00114.mp4,11,32,10,16,19,False,False,0.18866682052612305,0.02406961499946192,0.05126876606209407,2.811209631996462,207,2,32,32,False,
diving48,val,qD3IMtAanSg_00045,data/Diving48_data/videos/qD3IMtAanSg_00045.mp4,11,32,10,16,24,False,False,0.3758716285228729,0.025023841997608542,0.05126876606209407,2.784053879993735,68,1,32,32,False,
diving48,val,qD3IMtAanSg_00111,data/Diving48_data/videos/qD3IMtAanSg_00111.mp4,11,32,10,16,33,False,True,0.2555614411830902,0.024864165985491127,0.05126876606209407,2.755265709012747,182,2,32,32,False,
diving48,val,sFO6XlfgxNQ_00094,data/Diving48_data/videos/sFO6XlfgxNQ_00094.mp4,12,32,10,16,36,False,False,0.896560549736023,0.028218896011821926,0.05126876606209407,2.72606409798027,132,1,32,32,False,
diving48,val,zBXtMcI41z8_00042,data/Diving48_data/videos/zBXtMcI41z8_00042.mp4,12,32,10,16,8,False,False,0.12729252874851227,0.02255461100139655,0.05126876606209407,2.694801153993467,68,1,32,32,False,
diving48,val,zBXtMcI41z8_00041,data/Diving48_data/videos/zBXtMcI41z8_00041.mp4,12,32,10,16,3,False,False,0.5588205456733704,0.022705066978232935,0.05126876606209407,2.6687013010086957,66,1,32,32,False,
diving48,val,sFO6XlfgxNQ_00093,data/Diving48_data/videos/sFO6XlfgxNQ_00093.mp4,12,32,10,16,36,False,False,0.7134035229682922,0.025520777009660378,0.05126876606209407,2.6429663200106006,278,2,32,32,False,
diving48,val,sFO6XlfgxNQ_00101,data/Diving48_data/videos/sFO6XlfgxNQ_00101.mp4,12,32,10,16,36,False,False,0.343477725982666,0.024425909999990836,0.05126876606209407,2.614413888019044,181,2,32,32,False,
diving48,val,XfCaMLlyj9I_00107,data/Diving48_data/videos/XfCaMLlyj9I_00107.mp4,12,32,10,16,15,False,False,0.29354986548423767,0.02431645500473678,0.05126876606209407,2.587157557019964,102,1,32,32,False,
diving48,val,zBXtMcI41z8_00050,data/Diving48_data/videos/zBXtMcI41z8_00050.mp4,12,32,10,16,3,False,False,0.5879077911376953,0.022551116009708494,0.05126876606209407,2.5593557929969393,58,1,32,32,False,
diving48,val,jMEYIEYkpY0_00065,data/Diving48_data/videos/jMEYIEYkpY0_00065.mp4,12,32,10,16,31,False,False,0.18921443819999695,0.021186676021898165,0.05126876606209407,2.5333155739936046,71,1,32,32,False,
diving48,val,sFO6XlfgxNQ_00083,data/Diving48_data/videos/sFO6XlfgxNQ_00083.mp4,12,32,10,16,14,False,False,0.15614919364452362,0.021668514993507415,0.05126876606209407,2.5088214949937537,46,1,32,32,False,
diving48,val,XfCaMLlyj9I_00110,data/Diving48_data/videos/XfCaMLlyj9I_00110.mp4,12,32,10,16,3,False,False,0.38318049907684326,0.024873224989278242,0.05126876606209407,2.4844231799943373,54,1,32,32,False,
diving48,val,jMEYIEYkpY0_00049,data/Diving48_data/videos/jMEYIEYkpY0_00049.mp4,12,32,10,16,15,False,False,0.15078508853912354,0.02144322099047713,0.05126876606209407,2.4564667390077375,143,1,32,32,False,
diving48,val,sFO6XlfgxNQ_00092,data/Diving48_data/videos/sFO6XlfgxNQ_00092.mp4,12,32,10,16,19,False,False,0.3359163999557495,0.023275044019101188,0.05126876606209407,2.432230012025684,110,1,32,32,False,
diving48,val,jMEYIEYkpY0_00047,data/Diving48_data/videos/jMEYIEYkpY0_00047.mp4,12,32,10,16,34,False,False,0.07615311443805695,0.022362133022397757,0.05126876606209407,2.40635129599832,128,1,32,32,False,
diving48,val,sFO6XlfgxNQ_00085,data/Diving48_data/videos/sFO6XlfgxNQ_00085.mp4,12,32,10,16,3,False,False,0.3257603943347931,0.025008775002788752,0.05126876606209407,2.381535256979987,96,1,32,32,False,
diving48,val,sFO6XlfgxNQ_00084,data/Diving48_data/videos/sFO6XlfgxNQ_00084.mp4,12,32,10,16,33,False,False,0.21553023159503937,0.023125944018829614,0.05126876606209407,2.3533488599932753,137,1,32,32,False,
diving48,val,zBXtMcI41z8_00052,data/Diving48_data/videos/zBXtMcI41z8_00052.mp4,12,32,10,16,3,False,False,0.4667862355709076,0.02228718702099286,0.05126876606209407,2.326610489981249,66,1,32,32,False,
diving48,val,roFeEJPgJD8_00033,data/Diving48_data/videos/roFeEJPgJD8_00033.mp4,12,32,10,16,15,False,False,0.17865943908691406,0.022139836015412584,0.05126876606209407,2.3016020079958253,127,1,32,32,False,
diving48,val,roFeEJPgJD8_00015,data/Diving48_data/videos/roFeEJPgJD8_00015.mp4,12,32,10,16,15,False,False,0.24352380633354187,0.021520231006434187,0.05126876606209407,2.2772604879864957,121,1,32,32,False,
diving48,val,sFO6XlfgxNQ_00102,data/Diving48_data/videos/sFO6XlfgxNQ_00102.mp4,12,32,10,16,15,False,False,0.32195496559143066,0.028288539993809536,0.05126876606209407,2.2530239739862736,144,1,32,32,False,
diving48,val,jMEYIEYkpY0_00048,data/Diving48_data/videos/jMEYIEYkpY0_00048.mp4,12,32,10,16,24,False,False,0.15311984717845917,0.021692081005312502,0.05126876606209407,2.2200518940226175,109,1,32,32,False,
diving48,val,qD3IMtAanSg_00138,data/Diving48_data/videos/qD3IMtAanSg_00138.mp4,13,32,10,16,15,False,False,0.6876113414764404,0.02323601901298389,0.05126876606209407,2.1962694519897923,107,1,32,32,False,
diving48,val,qD3IMtAanSg_00137,data/Diving48_data/videos/qD3IMtAanSg_00137.mp4,13,32,10,16,15,False,False,0.33794140815734863,0.026462209993042052,0.05126876606209407,2.1693815239996184,189,2,32,32,False,
diving48,val,qD3IMtAanSg_00101,data/Diving48_data/videos/qD3IMtAanSg_00101.mp4,13,32,10,16,15,False,False,0.25214794278144836,0.021883536013774574,0.05126876606209407,2.140215663006529,66,1,32,32,False,
diving48,val,qD3IMtAanSg_00009,data/Diving48_data/videos/qD3IMtAanSg_00009.mp4,13,32,10,16,15,False,False,0.35249048471450806,0.02430477799498476,0.05126876606209407,2.1150250720093027,189,2,32,32,False,
diving48,val,qD3IMtAanSg_00102,data/Diving48_data/videos/qD3IMtAanSg_00102.mp4,13,32,10,16,3,False,False,0.1535642296075821,0.022230592003325,0.05126876606209407,2.0881655009870883,153,1,32,32,False,
diving48,val,qD3IMtAanSg_00136,data/Diving48_data/videos/qD3IMtAanSg_00136.mp4,13,32,10,16,19,False,False,0.20554493367671967,0.021742926008300856,0.05126876606209407,2.062415788997896,130,1,32,32,False,
diving48,val,qD3IMtAanSg_00008,data/Diving48_data/videos/qD3IMtAanSg_00008.mp4,13,32,10,16,19,False,False,0.12986409664154053,0.02436802099691704,0.05126876606209407,2.038005679001799,192,2,32,32,False,
diving48,val,qD3IMtAanSg_00034,data/Diving48_data/videos/qD3IMtAanSg_00034.mp4,13,32,10,16,9,False,False,0.1826850324869156,0.026260657992679626,0.05165366228175117,2.916962027986301,173,2,32,32,False,
diving48,val,qD3IMtAanSg_00027,data/Diving48_data/videos/qD3IMtAanSg_00027.mp4,13,32,10,16,15,False,False,0.18828921020030975,0.024742234993027523,0.05165366228175117,2.8843781430041417,101,1,32,32,False,
diving48,val,qD3IMtAanSg_00028,data/Diving48_data/videos/qD3IMtAanSg_00028.mp4,13,32,10,16,19,False,False,0.7604491114616394,0.02178497501881793,0.05165366228175117,2.8563197490002494,142,1,32,32,False,
diving48,val,qD3IMtAanSg_00033,data/Diving48_data/videos/qD3IMtAanSg_00033.mp4,13,32,10,16,36,False,False,0.4730667471885681,0.024501852021785453,0.05165366228175117,2.8317286829988007,200,2,32,32,False,
diving48,val,qD3IMtAanSg_00010,data/Diving48_data/videos/qD3IMtAanSg_00010.mp4,13,32,10,16,15,False,False,0.5190114974975586,0.02275682898471132,0.05165366228175117,2.8046540069917683,95,1,32,32,False,
diving48,val,roFeEJPgJD8_00014,data/Diving48_data/videos/roFeEJPgJD8_00014.mp4,14,32,10,16,8,False,False,0.36972981691360474,0.021384083025623113,0.05165366228175117,2.7795684300072026,56,1,32,32,False,
diving48,val,jMEYIEYkpY0_00089,data/Diving48_data/videos/jMEYIEYkpY0_00089.mp4,14,32,10,16,16,False,False,0.34568867087364197,0.022157864994369447,0.05165366228175117,2.7549827330221888,134,1,32,32,False,
diving48,val,ovWCmIMMkRI_00002,data/Diving48_data/videos/ovWCmIMMkRI_00002.mp4,15,32,10,16,36,False,True,0.7215790748596191,0.02540003097965382,0.05165366228175117,2.729947790998267,107,1,32,32,False,
diving48,val,k71Cc-Sm-Mg_00155,data/Diving48_data/videos/k71Cc-Sm-Mg_00155.mp4,15,32,10,16,31,False,True,0.5772519707679749,0.02275565397576429,0.05165366228175117,2.7020896449976135,75,1,32,32,False,
diving48,val,XfCaMLlyj9I_00049,data/Diving48_data/videos/XfCaMLlyj9I_00049.mp4,15,32,10,16,15,True,True,0.2416391372680664,0.02460694100591354,0.05165366228175117,2.6761293910094537,47,1,32,32,False,
diving48,val,Le6xdQ2OO8w_00058,data/Diving48_data/videos/Le6xdQ2OO8w_00058.mp4,15,32,10,16,36,False,True,0.23975424468517303,0.024132739985361695,0.05165366228175117,2.647302105993731,115,1,32,32,False,
diving48,val,k71Cc-Sm-Mg_00122,data/Diving48_data/videos/k71Cc-Sm-Mg_00122.mp4,15,32,10,16,31,False,False,0.7645266652107239,0.023238327994477004,0.05165366228175117,2.6189428869984113,122,1,32,32,False,
diving48,val,Le6xdQ2OO8w_00079,data/Diving48_data/videos/Le6xdQ2OO8w_00079.mp4,15,32,10,16,3,False,False,0.21284474432468414,0.0233275490172673,0.05165366228175117,2.5922556970035657,55,1,32,32,False,
diving48,val,XfCaMLlyj9I_00010,data/Diving48_data/videos/XfCaMLlyj9I_00010.mp4,15,32,10,16,3,False,True,0.25353172421455383,0.022918397997273132,0.05165366228175117,2.563504695019219,128,1,32,32,False,
diving48,val,zBXtMcI41z8_00017,data/Diving48_data/videos/zBXtMcI41z8_00017.mp4,15,32,10,16,3,False,True,0.355437695980072,0.02733585998066701,0.05165366228175117,2.5377175910107326,191,2,32,32,False,
diving48,val,XfCaMLlyj9I_00051,data/Diving48_data/videos/XfCaMLlyj9I_00051.mp4,15,32,10,16,15,True,True,0.1389029324054718,0.024470413016388193,0.05165366228175117,2.5074108139961027,67,1,32,32,False,
diving48,val,bSsVWVfYU4w_00026,data/Diving48_data/videos/bSsVWVfYU4w_00026.mp4,15,32,10,16,36,False,True,0.6298550367355347,0.02312728500692174,0.05165366228175117,2.479071627021767,48,1,32,32,False,
diving48,val,k71Cc-Sm-Mg_00001,data/Diving48_data/videos/k71Cc-Sm-Mg_00001.mp4,15,32,10,16,15,True,True,0.47907882928848267,0.023175711976364255,0.05165366228175117,2.452754363010172,130,1,32,32,False,
diving48,val,k71Cc-Sm-Mg_00129,data/Diving48_data/videos/k71Cc-Sm-Mg_00129.mp4,15,32,10,16,36,False,True,0.8211727142333984,0.025124613981461152,0.05165366228175117,2.4266807030071504,120,1,32,32,False,
diving48,val,k71Cc-Sm-Mg_00007,data/Diving48_data/videos/k71Cc-Sm-Mg_00007.mp4,15,32,10,16,36,False,True,0.9731091856956482,0.028196158993523568,0.05165366228175117,2.396662359999027,250,2,32,32,False,
diving48,val,XfCaMLlyj9I_00028,data/Diving48_data/videos/XfCaMLlyj9I_00028.mp4,15,32,10,16,3,False,False,0.34587788581848145,0.023566140996990725,0.05165366228175117,2.3658620989881456,86,1,32,32,False,
diving48,val,XfCaMLlyj9I_00002,data/Diving48_data/videos/XfCaMLlyj9I_00002.mp4,15,32,10,16,34,False,True,0.2150757908821106,0.022457742015831172,0.05165366228175117,2.3398771949869115,107,1,32,32,False,
diving48,val,k71Cc-Sm-Mg_00131,data/Diving48_data/videos/k71Cc-Sm-Mg_00131.mp4,15,32,10,16,8,False,False,0.41567155718803406,0.024253137002233416,0.05165366228175117,2.3135421139886603,106,1,32,32,False,
diving48,val,ovWCmIMMkRI_00003,data/Diving48_data/videos/ovWCmIMMkRI_00003.mp4,15,32,10,16,36,False,True,0.9768577814102173,0.02280800399603322,0.05165366228175117,2.286287586990511,106,1,32,32,False,
diving48,val,Le6xdQ2OO8w_00063,data/Diving48_data/videos/Le6xdQ2OO8w_00063.mp4,15,32,10,16,36,False,True,0.6808663010597229,0.02432035599485971,0.05165366228175117,2.260563488001935,59,1,32,32,False,
diving48,val,k71Cc-Sm-Mg_00141,data/Diving48_data/videos/k71Cc-Sm-Mg_00141.mp4,15,32,10,16,15,True,True,0.3047536313533783,0.024024135986110196,0.05165366228175117,2.232867863989668,109,1,32,32,False,
diving48,val,Le6xdQ2OO8w_00030,data/Diving48_data/videos/Le6xdQ2OO8w_00030.mp4,15,32,10,16,36,False,True,0.9151573777198792,0.02770712398341857,0.05165366228175117,2.205483768018894,125,1,32,32,False,
diving48,val,zBXtMcI41z8_00103,data/Diving48_data/videos/zBXtMcI41z8_00103.mp4,16,32,10,16,15,False,False,0.16774383187294006,0.022498990991152823,0.05165366228175117,2.1749067880155053,69,1,32,32,False,
diving48,val,Le6xdQ2OO8w_00028,data/Diving48_data/videos/Le6xdQ2OO8w_00028.mp4,16,32,10,16,3,False,True,0.5326051115989685,0.02094018497155048,0.05165366228175117,2.1486547279928345,50,1,32,32,False,
diving48,val,ovWCmIMMkRI_00021,data/Diving48_data/videos/ovWCmIMMkRI_00021.mp4,16,32,10,16,7,False,True,0.2984229326248169,0.029279451991897076,0.05165366228175117,2.1246547430055216,113,1,32,32,False,
diving48,val,MbzIpx8kAD0_00046,data/Diving48_data/videos/MbzIpx8kAD0_00046.mp4,16,32,10,16,36,False,True,0.7806012630462646,0.03076917602447793,0.05165366228175117,2.0925768229935784,108,1,32,32,False,
diving48,val,MbzIpx8kAD0_00017,data/Diving48_data/videos/MbzIpx8kAD0_00017.mp4,16,32,10,16,16,True,True,0.2608681321144104,0.030735745996935293,0.05165366228175117,2.058473873010371,79,1,32,32,False,
diving48,val,bSsVWVfYU4w_00049,data/Diving48_data/videos/bSsVWVfYU4w_00049.mp4,16,32,10,16,3,False,False,0.15544743835926056,0.029934202000731602,0.050983378468117735,2.87451660798979,109,1,32,32,False,
diving48,val,zBXtMcI41z8_00104,data/Diving48_data/videos/zBXtMcI41z8_00104.mp4,16,32,10,16,36,False,False,0.7403861880302429,0.02820366300875321,0.050983378468117735,2.841070119990036,67,1,32,32,False,
diving48,val,CVAfPfVFulQ_00022,data/Diving48_data/videos/CVAfPfVFulQ_00022.mp4,16,32,10,16,16,True,True,0.2040354460477829,0.02412929298589006,0.050983378468117735,2.809793844993692,163,1,32,32,False,
diving48,val,bl0C6d9QgIg_00012,data/Diving48_data/videos/bl0C6d9QgIg_00012.mp4,16,32,10,16,36,False,True,0.7644897699356079,0.024295276001794264,0.050983378468117735,2.782810214004712,111,1,32,32,False,
diving48,val,ovWCmIMMkRI_00036,data/Diving48_data/videos/ovWCmIMMkRI_00036.mp4,16,32,10,16,15,False,True,0.264047771692276,0.02090376301202923,0.050983378468117735,2.7552501169848256,128,1,32,32,False,
diving48,val,bSsVWVfYU4w_00051,data/Diving48_data/videos/bSsVWVfYU4w_00051.mp4,16,32,10,16,31,False,False,0.415574848651886,0.022401400026865304,0.050983378468117735,2.73161558501306,117,1,32,32,False,
diving48,val,zBXtMcI41z8_00101,data/Diving48_data/videos/zBXtMcI41z8_00101.mp4,16,32,10,16,36,False,False,0.7484899163246155,0.022447146999184042,0.050983378468117735,2.7064586030028295,50,1,32,32,False,
diving48,val,L_SB1PRgDTE_00018,data/Diving48_data/videos/L_SB1PRgDTE_00018.mp4,16,32,10,16,36,False,False,0.4834669530391693,0.021663337014615536,0.050983378468117735,2.6814663739933167,125,1,32,32,False,
diving48,val,bl0C6d9QgIg_00013,data/Diving48_data/videos/bl0C6d9QgIg_00013.mp4,16,32,10,16,24,False,False,0.24071288108825684,0.02217505598673597,0.050983378468117735,2.657296140998369,148,1,32,32,False,
diving48,val,zBXtMcI41z8_00021,data/Diving48_data/videos/zBXtMcI41z8_00021.mp4,16,32,10,16,15,False,False,0.20705324411392212,0.021814244013512507,0.050983378468117735,2.631526279990794,76,1,32,32,False,
diving48,val,CVAfPfVFulQ_00028,data/Diving48_data/videos/CVAfPfVFulQ_00028.mp4,16,32,10,16,36,False,False,0.9758244156837463,0.022084162017563358,0.050983378468117735,2.6070771450176835,139,1,32,32,False,
diving48,val,CVAfPfVFulQ_00015,data/Diving48_data/videos/CVAfPfVFulQ_00015.mp4,16,32,10,16,36,False,True,0.42048776149749756,0.023279401008039713,0.050983378468117735,2.582759482000256,117,1,32,32,False,
diving48,val,L_SB1PRgDTE_00011,data/Diving48_data/videos/L_SB1PRgDTE_00011.mp4,16,32,10,16,15,False,False,0.29225942492485046,0.024317222007084638,0.050983378468117735,2.5566103650198784,77,1,32,32,False,
diving48,val,L_SB1PRgDTE_00012,data/Diving48_data/videos/L_SB1PRgDTE_00012.mp4,16,32,10,16,24,False,False,0.16760069131851196,0.022331198008032516,0.050983378468117735,2.529306917975191,115,1,32,32,False,
diving48,val,bSsVWVfYU4w_00050,data/Diving48_data/videos/bSsVWVfYU4w_00050.mp4,16,32,10,16,25,False,True,0.16181276738643646,0.02226152300136164,0.050983378468117735,2.5045147679920774,76,1,32,32,False,
diving48,val,CVAfPfVFulQ_00044,data/Diving48_data/videos/CVAfPfVFulQ_00044.mp4,17,32,10,16,36,False,False,0.43359750509262085,0.020927689009113237,0.050983378468117735,2.479256483988138,51,1,32,32,False,
diving48,val,XfCaMLlyj9I_00055,data/Diving48_data/videos/XfCaMLlyj9I_00055.mp4,17,32,10,16,3,False,False,0.20913560688495636,0.024694284016732126,0.050983378468117735,2.4550478809978813,94,1,32,32,False,
diving48,val,Le6xdQ2OO8w_00147,data/Diving48_data/videos/Le6xdQ2OO8w_00147.mp4,17,32,10,16,24,False,False,0.15903443098068237,0.024862910009687766,0.050983378468117735,2.427261579025071,134,1,32,32,False,
diving48,val,CVAfPfVFulQ_00043,data/Diving48_data/videos/CVAfPfVFulQ_00043.mp4,17,32,10,16,16,False,False,0.3144376873970032,0.022459639993030578,0.050983378468117735,2.3988400739908684,36,1,32,32,False,
diving48,val,bSsVWVfYU4w_00093,data/Diving48_data/videos/bSsVWVfYU4w_00093.mp4,17,32,10,16,15,False,False,0.3049699068069458,0.024053107015788555,0.050983378468117735,2.3737504059972707,175,2,32,32,False,
diving48,val,Le6xdQ2OO8w_00134,data/Diving48_data/videos/Le6xdQ2OO8w_00134.mp4,17,32,10,16,3,False,False,0.4926038980484009,0.023662858991883695,0.050983378468117735,2.347183498990489,148,1,32,32,False,
diving48,val,CVAfPfVFulQ_00059,data/Diving48_data/videos/CVAfPfVFulQ_00059.mp4,17,32,10,16,33,False,False,0.23284108936786652,0.023293651989661157,0.050983378468117735,2.320793477992993,120,1,32,32,False,
diving48,val,cs8g1es4vfM_00003,data/Diving48_data/videos/cs8g1es4vfM_00003.mp4,17,32,10,16,36,False,False,0.2460378110408783,0.020788529014680535,0.050983378468117735,2.2945374500122853,125,1,32,32,False,
diving48,val,Le6xdQ2OO8w_00133,data/Diving48_data/videos/Le6xdQ2OO8w_00133.mp4,17,32,10,16,15,False,False,0.3713749945163727,0.023392697010422125,0.050983378468117735,2.2709542349912226,93,1,32,32,False,
diving48,val,mGRum47TLX0_00042,data/Diving48_data/videos/mGRum47TLX0_00042.mp4,17,32,10,16,8,False,False,0.23027515411376953,0.022642819996690378,0.050983378468117735,2.244973344000755,63,1,32,32,False,
diving48,val,XfCaMLlyj9I_00056,data/Diving48_data/videos/XfCaMLlyj9I_00056.mp4,17,32,10,16,36,False,False,0.8002286553382874,0.02575405201059766,0.050983378468117735,2.218200726987561,169,2,32,32,False,
diving48,val,XfCaMLlyj9I_00057,data/Diving48_data/videos/XfCaMLlyj9I_00057.mp4,17,32,10,16,3,False,False,0.27902448177337646,0.030818035011179745,0.050983378468117735,2.1891496460011695,66,1,32,32,False,
diving48,val,ovWCmIMMkRI_00059,data/Diving48_data/videos/ovWCmIMMkRI_00059.mp4,17,32,10,16,24,False,False,0.15845578908920288,0.022726700000930578,0.050983378468117735,2.1546227550134063,79,1,32,32,False,
diving48,val,XfCaMLlyj9I_00054,data/Diving48_data/videos/XfCaMLlyj9I_00054.mp4,17,32,10,16,36,False,False,0.9841966032981873,0.021893933007959276,0.050983378468117735,2.1283142830070574,123,1,32,32,False,
diving48,val,bSsVWVfYU4w_00092,data/Diving48_data/videos/bSsVWVfYU4w_00092.mp4,17,32,10,16,15,False,False,0.2198035717010498,0.02387781799188815,0.050983378468117735,2.1034706469799858,75,1,32,32,False,
diving48,val,ovWCmIMMkRI_00060,data/Diving48_data/videos/ovWCmIMMkRI_00060.mp4,17,32,10,16,31,False,False,0.47146478295326233,0.030885422020219266,0.050983378468117735,2.076355691999197,95,1,32,32,False,
diving48,val,Le6xdQ2OO8w_00148,data/Diving48_data/videos/Le6xdQ2OO8w_00148.mp4,17,32,10,16,3,False,False,0.5403188467025757,0.03214570099953562,0.050983378468117735,2.0423669119772967,148,1,32,32,False,
diving48,val,Le6xdQ2OO8w_00245,data/Diving48_data/videos/Le6xdQ2OO8w_00245.mp4,17,32,10,16,36,False,False,0.9426067471504211,0.03164892800850794,0.052900951937772334,2.918719815002987,134,1,32,32,False,
diving48,val,MbzIpx8kAD0_00054,data/Diving48_data/videos/MbzIpx8kAD0_00054.mp4,17,32,10,16,36,False,False,0.35575684905052185,0.026565819018287584,0.052900951937772334,2.8828818929905538,112,1,32,32,False,
diving48,val,ovWCmIMMkRI_00061,data/Diving48_data/videos/ovWCmIMMkRI_00061.mp4,17,32,10,16,31,False,False,0.44311967492103577,0.022611509019043297,0.052900951937772334,2.8529938500141725,78,1,32,32,False,
diving48,val,MbzIpx8kAD0_00068,data/Diving48_data/videos/MbzIpx8kAD0_00068.mp4,18,32,10,16,16,False,False,0.3129849135875702,0.022500854975078255,0.052900951937772334,2.8263629199936986,81,1,32,32,False,
diving48,val,cs8g1es4vfM_00050,data/Diving48_data/videos/cs8g1es4vfM_00050.mp4,18,32,10,16,36,False,False,0.27721714973449707,0.024215101992012933,0.052900951937772334,2.8010321900073905,123,1,32,32,False,
diving48,val,cs8g1es4vfM_00000,data/Diving48_data/videos/cs8g1es4vfM_00000.mp4,18,32,10,16,36,False,False,0.21801389753818512,0.02200845000334084,0.052900951937772334,2.7729492299840786,161,1,32,32,False,
diving48,val,bSsVWVfYU4w_00117,data/Diving48_data/videos/bSsVWVfYU4w_00117.mp4,18,32,10,16,8,False,False,0.21914122998714447,0.022180534986546263,0.052900951937772334,2.7479696149821393,136,1,32,32,False,
diving48,val,cs8g1es4vfM_00023,data/Diving48_data/videos/cs8g1es4vfM_00023.mp4,18,32,10,16,36,False,False,0.9496172070503235,0.021648530004313216,0.052900951937772334,2.723515629011672,118,1,32,32,False,
diving48,val,XfCaMLlyj9I_00152,data/Diving48_data/videos/XfCaMLlyj9I_00152.mp4,18,32,10,16,24,False,False,0.30464985966682434,0.025393093994352967,0.052900951937772334,2.698764653003309,39,1,32,32,False,
diving48,val,yHo2oERGo7A_00090,data/Diving48_data/videos/yHo2oERGo7A_00090.mp4,18,32,10,16,31,False,False,0.6116721034049988,0.022561223013326526,0.052900951937772334,2.670488736999687,106,1,32,32,False,
diving48,val,MbzIpx8kAD0_00048,data/Diving48_data/videos/MbzIpx8kAD0_00048.mp4,18,32,10,16,31,False,False,0.26202890276908875,0.020948015997419134,0.052900951937772334,2.643569766980363,80,1,32,32,False,
diving48,val,yHo2oERGo7A_00092,data/Diving48_data/videos/yHo2oERGo7A_00092.mp4,18,32,10,16,8,False,False,0.34077075123786926,0.023920389998238534,0.052900951937772334,2.619787033996545,99,1,32,32,False,
diving48,val,cs8g1es4vfM_00051,data/Diving48_data/videos/cs8g1es4vfM_00051.mp4,18,32,10,16,36,False,False,0.8286296129226685,0.02134736700099893,0.052900951937772334,2.5930879669904243,137,1,32,32,False,
diving48,val,cs8g1es4vfM_00001,data/Diving48_data/videos/cs8g1es4vfM_00001.mp4,18,32,10,16,8,False,False,0.4296405613422394,0.02397126000141725,0.052900951937772334,2.569763787003467,134,1,32,32,False,
diving48,val,bSsVWVfYU4w_00116,data/Diving48_data/videos/bSsVWVfYU4w_00116.mp4,18,32,10,16,15,False,False,0.4442847669124603,0.02190050299395807,0.052900951937772334,2.5432233010069467,72,1,32,32,False,
diving48,val,cs8g1es4vfM_00022,data/Diving48_data/videos/cs8g1es4vfM_00022.mp4,18,32,10,16,36,False,True,0.7014808654785156,0.02253405802184716,0.052900951937772334,2.518131983000785,103,1,32,32,False,
diving48,val,yHo2oERGo7A_00091,data/Diving48_data/videos/yHo2oERGo7A_00091.mp4,18,32,10,16,31,False,False,0.23759524524211884,0.02170112999738194,0.052900951937772334,2.4925704519846477,129,1,32,32,False,
diving48,val,MbzIpx8kAD0_00007,data/Diving48_data/videos/MbzIpx8kAD0_00007.mp4,19,32,10,16,36,False,False,0.9815496802330017,0.02198148498428054,0.052900951937772334,2.4686167309992015,115,1,32,32,False,
diving48,val,bSsVWVfYU4w_00006,data/Diving48_data/videos/bSsVWVfYU4w_00006.mp4,19,32,10,16,33,False,True,0.32445400953292847,0.02219134900951758,0.052900951937772334,2.4435715390136465,94,1,32,32,False,
diving48,val,MbzIpx8kAD0_00038,data/Diving48_data/videos/MbzIpx8kAD0_00038.mp4,19,32,10,16,36,False,False,0.9464453458786011,0.023204138007713482,0.052900951937772334,2.4189561610110104,132,1,32,32,False,
diving48,val,TMJ1XIZBRW4_00002,data/Diving48_data/videos/TMJ1XIZBRW4_00002.mp4,19,32,10,16,36,False,True,0.8813399076461792,0.021059691003756598,0.052900951937772334,2.3938068440183997,67,1,32,32,False,
diving48,val,CVAfPfVFulQ_00008,data/Diving48_data/videos/CVAfPfVFulQ_00008.mp4,19,32,10,16,16,False,True,0.2525113821029663,0.02284034001058899,0.052900951937772334,2.369479387998581,127,1,32,32,False,
diving48,val,TMJ1XIZBRW4_00004,data/Diving48_data/videos/TMJ1XIZBRW4_00004.mp4,19,32,10,16,36,False,True,0.7640137076377869,0.022857868985738605,0.052900951937772334,2.344113491009921,104,1,32,32,False,
diving48,val,TMJ1XIZBRW4_00030,data/Diving48_data/videos/TMJ1XIZBRW4_00030.mp4,19,32,10,16,36,False,False,0.9963298439979553,0.0231953960028477,0.052900951937772334,2.3184427010128275,85,1,32,32,False,
diving48,val,8qRmKunCjtY_00005,data/Diving48_data/videos/8qRmKunCjtY_00005.mp4,19,32,10,16,36,False,True,0.37499338388442993,0.023834243998862803,0.052900951937772334,2.2922470119956415,75,1,32,32,False,
diving48,val,XfCaMLlyj9I_00004,data/Diving48_data/videos/XfCaMLlyj9I_00004.mp4,19,32,10,16,3,False,False,0.20213332772254944,0.0254965890198946,0.052900951937772334,2.2656488719803747,59,1,32,32,False,
diving48,val,bSsVWVfYU4w_00001,data/Diving48_data/videos/bSsVWVfYU4w_00001.mp4,19,32,10,16,16,False,True,0.19520314037799835,0.026912668021395802,0.052900951937772334,2.2368213209847454,121,1,32,32,False,
diving48,val,MbzIpx8kAD0_00010,data/Diving48_data/videos/MbzIpx8kAD0_00010.mp4,19,32,10,16,31,False,False,0.6536309123039246,0.021659585007000715,0.052900951937772334,2.207379266998032,46,1,32,32,False,
diving48,val,XfCaMLlyj9I_00022,data/Diving48_data/videos/XfCaMLlyj9I_00022.mp4,19,32,10,16,8,False,False,0.3301347494125366,0.02485503299976699,0.052900951937772334,2.182004448986845,77,1,32,32,False,
diving48,val,ovWCmIMMkRI_00014,data/Diving48_data/videos/ovWCmIMMkRI_00014.mp4,19,32,10,16,19,True,True,0.8532624840736389,0.024030383996432647,0.052900951937772334,2.155025936983293,82,1,32,32,False,
diving48,val,Le6xdQ2OO8w_00012,data/Diving48_data/videos/Le6xdQ2OO8w_00012.mp4,19,32,10,16,32,False,False,0.26148226857185364,0.033606543991481885,0.052900951937772334,2.127846265997505,76,1,32,32,False,
diving48,val,CVAfPfVFulQ_00010,data/Diving48_data/videos/CVAfPfVFulQ_00010.mp4,19,32,10,16,31,False,True,0.4012322425842285,0.030795825994573534,0.052900951937772334,2.090760366001632,134,1,32,32,False,
diving48,val,CVAfPfVFulQ_00002,data/Diving48_data/videos/CVAfPfVFulQ_00002.mp4,19,32,10,16,31,False,False,0.2622663974761963,0.031808160012587905,0.05228516221814061,2.940834757988341,90,1,32,32,False,
diving48,val,XfCaMLlyj9I_00023,data/Diving48_data/videos/XfCaMLlyj9I_00023.mp4,19,32,10,16,36,False,False,0.9763167500495911,0.027963558008195832,0.05228516221814061,2.9046063240093645,151,1,32,32,False,
diving48,val,zBXtMcI41z8_00009,data/Diving48_data/videos/zBXtMcI41z8_00009.mp4,19,32,10,16,31,False,True,0.488762766122818,0.031060775014339015,0.05228516221814061,2.8733835330058355,75,1,32,32,False,
diving48,val,CVAfPfVFulQ_00007,data/Diving48_data/videos/CVAfPfVFulQ_00007.mp4,19,32,10,16,36,False,True,0.5842843055725098,0.030780837987549603,0.05228516221814061,2.838624066003831,120,1,32,32,False,
diving48,val,MbzIpx8kAD0_00006,data/Diving48_data/videos/MbzIpx8kAD0_00006.mp4,19,32,10,16,36,False,True,0.9106444716453552,0.03216315899044275,0.05228516221814061,2.803808869997738,148,1,32,32,False,
diving48,val,jMEYIEYkpY0_00003,data/Diving48_data/videos/jMEYIEYkpY0_00003.mp4,20,32,10,16,24,False,False,0.15910696983337402,0.02185930698760785,0.05228516221814061,2.768114370002877,29,1,32,32,False,
diving48,val,mGRum47TLX0_00039,data/Diving48_data/videos/mGRum47TLX0_00039.mp4,20,32,10,16,36,False,False,0.6928550601005554,0.02425225600018166,0.05228516221814061,2.7434180109994486,57,1,32,32,False,
diving48,val,mGRum47TLX0_00034,data/Diving48_data/videos/mGRum47TLX0_00034.mp4,20,32,10,16,36,False,False,0.5084483623504639,0.026520372019149363,0.05228516221814061,2.7154364660091233,169,2,32,32,False,
diving48,val,mGRum47TLX0_00041,data/Diving48_data/videos/mGRum47TLX0_00041.mp4,20,32,10,16,16,False,False,0.20547546446323395,0.02253560899407603,0.05228516221814061,2.6857439189916477,126,1,32,32,False,
diving48,val,bSsVWVfYU4w_00101,data/Diving48_data/videos/bSsVWVfYU4w_00101.mp4,20,32,10,16,15,False,True,0.6099734902381897,0.024066778016276658,0.05228516221814061,2.6604026060085744,232,2,32,32,False,
diving48,val,mGRum47TLX0_00043,data/Diving48_data/videos/mGRum47TLX0_00043.mp4,20,32,10,16,3,False,False,0.2309068888425827,0.022992882994003594,0.05228516221814061,2.6337915240146685,62,1,32,32,False,
diving48,val,TMJ1XIZBRW4_00033,data/Diving48_data/videos/TMJ1XIZBRW4_00033.mp4,20,32,10,16,3,False,False,0.21813109517097473,0.0231829599943012,0.05228516221814061,2.6062443369883113,49,1,32,32,False,
diving48,val,CVAfPfVFulQ_00039,data/Diving48_data/videos/CVAfPfVFulQ_00039.mp4,20,32,10,16,31,False,False,0.5954291224479675,0.02598928299266845,0.05228516221814061,2.579414063016884,183,2,32,32,False,
diving48,val,CVAfPfVFulQ_00077,data/Diving48_data/videos/CVAfPfVFulQ_00077.mp4,20,32,10,16,31,False,False,0.49411824345588684,0.022802550985943526,0.05228516221814061,2.550947069976246,151,1,32,32,False,
diving48,val,sexZ6VnZ9yc_00000,data/Diving48_data/videos/sexZ6VnZ9yc_00000.mp4,20,32,10,16,34,False,False,0.23392441868782043,0.025067270995350555,0.05228516221814061,2.5254707999993116,110,1,32,32,False,
diving48,val,MbzIpx8kAD0_00015,data/Diving48_data/videos/MbzIpx8kAD0_00015.mp4,20,32,10,16,31,False,False,0.1298319548368454,0.02345819998299703,0.05228516221814061,2.4976025110227056,143,1,32,32,False,
diving48,val,CVAfPfVFulQ_00072,data/Diving48_data/videos/CVAfPfVFulQ_00072.mp4,20,32,10,16,36,False,False,0.300346314907074,0.022455661004642025,0.05228516221814061,2.472004843992181,82,1,32,32,False,
diving48,val,jMEYIEYkpY0_00002,data/Diving48_data/videos/jMEYIEYkpY0_00002.mp4,20,32,10,16,31,False,False,0.3067084550857544,0.025321202003397048,0.05228516221814061,2.4463659550237935,212,2,32,32,False,
diving48,val,TMJ1XIZBRW4_00027,data/Diving48_data/videos/TMJ1XIZBRW4_00027.mp4,20,32,10,16,15,False,True,0.17154499888420105,0.020941248018061742,0.05228516221814061,2.4183685739990324,40,1,32,32,False,
diving48,val,MbzIpx8kAD0_00029,data/Diving48_data/videos/MbzIpx8kAD0_00029.mp4,20,32,10,16,3,False,False,0.14301356673240662,0.02198240699362941,0.05228516221814061,2.393782059982186,77,1,32,32,False,
diving48,val,mGRum47TLX0_00035,data/Diving48_data/videos/mGRum47TLX0_00035.mp4,20,32,10,16,3,False,False,0.4169657528400421,0.025963999010855332,0.05228516221814061,2.3686545309901703,116,1,32,32,False,
diving48,val,CVAfPfVFulQ_00031,data/Diving48_data/videos/CVAfPfVFulQ_00031.mp4,20,32,10,16,31,False,False,0.18744483590126038,0.02279030901263468,0.05228516221814061,2.339894272998208,69,1,32,32,False,
diving48,val,jMEYIEYkpY0_00004,data/Diving48_data/videos/jMEYIEYkpY0_00004.mp4,20,32,10,16,15,False,False,0.34012898802757263,0.021332074014935642,0.05228516221814061,2.313992915995186,94,1,32,32,False,
diving48,val,CVAfPfVFulQ_00033,data/Diving48_data/videos/CVAfPfVFulQ_00033.mp4,20,32,10,16,15,False,False,0.5916672348976135,0.023572403995785862,0.05228516221814061,2.2897565710009076,140,1,32,32,False,
diving48,val,MbzIpx8kAD0_00040,data/Diving48_data/videos/MbzIpx8kAD0_00040.mp4,20,32,10,16,16,False,True,0.4640776813030243,0.020644235017243773,0.05228516221814061,2.263455956010148,64,1,32,32,False,
diving48,val,rRw7peH60Yw_00008,data/Diving48_data/videos/rRw7peH60Yw_00008.mp4,21,32,10,16,8,False,False,0.7487465739250183,0.023359080019872636,0.05228516221814061,2.239707811997505,56,1,32,32,False,
diving48,val,jMEYIEYkpY0_00022,data/Diving48_data/videos/jMEYIEYkpY0_00022.mp4,21,32,10,16,36,False,False,0.7121694684028625,0.021798775997012854,0.05228516221814061,2.2120179920166265,107,1,32,32,False,
diving48,val,8qRmKunCjtY_00014,data/Diving48_data/videos/8qRmKunCjtY_00014.mp4,21,32,10,16,36,False,False,0.9072449207305908,0.026209714997094125,0.05228516221814061,2.1866385669854935,190,2,32,32,False,
diving48,val,SbzcCzXjYSU_00062,data/Diving48_data/videos/SbzcCzXjYSU_00062.mp4,21,32,10,16,3,False,False,0.42647695541381836,0.029391087999101728,0.05228516221814061,2.1576532530016266,92,1,32,32,False,
diving48,val,yHo2oERGo7A_00041,data/Diving48_data/videos/yHo2oERGo7A_00041.mp4,21,32,10,16,8,False,False,0.5591669678688049,0.030715862987563014,0.05228516221814061,2.1248695999966003,72,1,32,32,False,
diving48,val,zmacW6f2Tdk_00031,data/Diving48_data/videos/zmacW6f2Tdk_00031.mp4,21,32,10,16,7,False,False,0.13899369537830353,0.02835682002478279,0.05228516221814061,2.0907518469903152,129,1,32,32,False,
diving48,val,jMEYIEYkpY0_00023,data/Diving48_data/videos/jMEYIEYkpY0_00023.mp4,21,32,10,16,36,False,False,0.2347310483455658,0.02233671600697562,0.05228516221814061,2.0596882149984594,126,1,32,32,False,
diving48,val,zmacW6f2Tdk_00000,data/Diving48_data/videos/zmacW6f2Tdk_00000.mp4,21,32,10,16,36,False,False,0.35752975940704346,0.0292504690005444,0.050940626156261715,2.886911740002688,133,1,32,32,False,
diving48,val,zmacW6f2Tdk_00020,data/Diving48_data/videos/zmacW6f2Tdk_00020.mp4,21,32,10,16,36,False,False,0.9704902172088623,0.021184185025049374,0.050940626156261715,2.853955844999291,95,1,32,32,False,
diving48,val,yHo2oERGo7A_00020,data/Diving48_data/videos/yHo2oERGo7A_00020.mp4,21,32,10,16,8,False,False,0.3960052728652954,0.023433316993759945,0.050940626156261715,2.8295796360180248,161,1,32,32,False,
diving48,val,XfCaMLlyj9I_00058,data/Diving48_data/videos/XfCaMLlyj9I_00058.mp4,21,32,10,16,8,False,False,0.14163069427013397,0.026635916001396254,0.050940626156261715,2.8036044919863343,208,2,32,32,False,
diving48,val,yHo2oERGo7A_00042,data/Diving48_data/videos/yHo2oERGo7A_00042.mp4,21,32,10,16,36,False,False,0.9304298162460327,0.02477127901511267,0.050940626156261715,2.7732804830011446,211,2,32,32,False,
diving48,val,zmacW6f2Tdk_00032,data/Diving48_data/videos/zmacW6f2Tdk_00032.mp4,21,32,10,16,3,False,False,0.21786867082118988,0.02697395099676214,0.050940626156261715,2.7455595020146575,206,2,32,32,False,
diving48,val,cs8g1es4vfM_00038,data/Diving48_data/videos/cs8g1es4vfM_00038.mp4,21,32,10,16,15,False,False,0.19006586074829102,0.02100249897921458,0.050940626156261715,2.7153457090025768,124,1,32,32,False,
diving48,val,cs8g1es4vfM_00053,data/Diving48_data/videos/cs8g1es4vfM_00053.mp4,21,32,10,16,36,False,False,0.658332347869873,0.021984140010317788,0.050940626156261715,2.691158221976366,95,1,32,32,False,
diving48,val,jMEYIEYkpY0_00020,data/Diving48_data/videos/jMEYIEYkpY0_00020.mp4,21,32,10,16,33,False,False,0.14303062856197357,0.02108221300295554,0.050940626156261715,2.66630155700841,83,1,32,32,False,
diving48,val,cs8g1es4vfM_00039,data/Diving48_data/videos/cs8g1es4vfM_00039.mp4,21,32,10,16,36,False,False,0.5523188710212708,0.02496159399743192,0.050940626156261715,2.642459296010202,152,1,32,32,False,
diving48,val,yHo2oERGo7A_00097,data/Diving48_data/videos/yHo2oERGo7A_00097.mp4,21,32,10,16,36,False,False,0.3723427653312683,0.025647463015047833,0.050940626156261715,2.614274784020381,233,2,32,32,False,
diving48,val,8qRmKunCjtY_00009,data/Diving48_data/videos/8qRmKunCjtY_00009.mp4,21,32,10,16,15,False,False,0.4938211441040039,0.024335702997632325,0.050940626156261715,2.5837095780007076,98,1,32,32,False,
diving48,val,jMEYIEYkpY0_00021,data/Diving48_data/videos/jMEYIEYkpY0_00021.mp4,21,32,10,16,36,False,False,0.26404130458831787,0.022023794008418918,0.050940626156261715,2.5558114020095672,80,1,32,32,False,
diving48,val,XfCaMLlyj9I_00145,data/Diving48_data/videos/XfCaMLlyj9I_00145.mp4,22,32,10,16,31,False,False,0.9019248485565186,0.022506019013235345,0.050940626156261715,2.531010933977086,139,1,32,32,False,
diving48,val,k71Cc-Sm-Mg_00109,data/Diving48_data/videos/k71Cc-Sm-Mg_00109.mp4,22,32,10,16,31,False,False,0.5520782470703125,0.022531710972543806,0.050940626156261715,2.50476070199511,66,1,32,32,False,
diving48,val,XfCaMLlyj9I_00067,data/Diving48_data/videos/XfCaMLlyj9I_00067.mp4,22,32,10,16,8,False,False,0.599985659122467,0.025286629010224715,0.050940626156261715,2.479444033000618,79,1,32,32,False,
diving48,val,k71Cc-Sm-Mg_00079,data/Diving48_data/videos/k71Cc-Sm-Mg_00079.mp4,22,32,10,16,31,False,False,0.8177374005317688,0.023821401002351195,0.050940626156261715,2.4490880859957542,64,1,32,32,False,
diving48,val,XfCaMLlyj9I_00154,data/Diving48_data/videos/XfCaMLlyj9I_00154.mp4,22,32,10,16,33,False,False,0.7598366737365723,0.025250756996683776,0.050940626156261715,2.4211931609897874,54,1,32,32,False,
diving48,val,k71Cc-Sm-Mg_00147,data/Diving48_data/videos/k71Cc-Sm-Mg_00147.mp4,22,32,10,16,15,False,False,0.3808234930038452,0.023143005993915722,0.050940626156261715,2.392566945985891,123,1,32,32,False,
diving48,val,k71Cc-Sm-Mg_00066,data/Diving48_data/videos/k71Cc-Sm-Mg_00066.mp4,22,32,10,16,36,False,False,0.9789928793907166,0.023415160016156733,0.050940626156261715,2.3664883820165414,82,1,32,32,False,
diving48,val,k71Cc-Sm-Mg_00111,data/Diving48_data/videos/k71Cc-Sm-Mg_00111.mp4,22,32,10,16,3,False,False,0.3760187327861786,0.023038736981106922,0.050940626156261715,2.3387208450003527,80,1,32,32,False,
diving48,val,XfCaMLlyj9I_00143,data/Diving48_data/videos/XfCaMLlyj9I_00143.mp4,22,32,10,16,8,False,False,0.176801860332489,0.02561685600085184,0.050940626156261715,2.312507143971743,83,1,32,32,False,
diving48,val,k71Cc-Sm-Mg_00068,data/Diving48_data/videos/k71Cc-Sm-Mg_00068.mp4,22,32,10,16,36,False,False,0.9855422973632812,0.02251255899318494,0.050940626156261715,2.283287621976342,122,1,32,32,False,
diving48,val,XfCaMLlyj9I_00165,data/Diving48_data/videos/XfCaMLlyj9I_00165.mp4,22,32,10,16,8,False,False,0.7643112540245056,0.026132811995921656,0.050940626156261715,2.2579697469773237,77,1,32,32,False,
diving48,val,k71Cc-Sm-Mg_00146,data/Diving48_data/videos/k71Cc-Sm-Mg_00146.mp4,22,32,10,16,8,False,False,0.33978885412216187,0.022721973014995456,0.050940626156261715,2.2292112249997444,66,1,32,32,False,
diving48,val,k71Cc-Sm-Mg_00075,data/Diving48_data/videos/k71Cc-Sm-Mg_00075.mp4,22,32,10,16,3,False,False,0.4262904226779938,0.022865705977892503,0.050940626156261715,2.201733208989026,53,1,32,32,False,
diving48,val,k71Cc-Sm-Mg_00077,data/Diving48_data/videos/k71Cc-Sm-Mg_00077.mp4,22,32,10,16,34,False,False,0.3383561968803406,0.0244754150044173,0.050940626156261715,2.1745089199976064,75,1,32,32,False,
diving48,val,XfCaMLlyj9I_00161,data/Diving48_data/videos/XfCaMLlyj9I_00161.mp4,22,32,10,16,3,False,False,0.33713164925575256,0.02549015698605217,0.050940626156261715,2.1458015810057987,91,1,32,32,False,
diving48,val,XfCaMLlyj9I_00144,data/Diving48_data/videos/XfCaMLlyj9I_00144.mp4,22,32,10,16,33,False,False,0.19284766912460327,0.024899987009121105,0.050940626156261715,2.117503576009767,120,1,32,32,False,
diving48,val,k71Cc-Sm-Mg_00074,data/Diving48_data/videos/k71Cc-Sm-Mg_00074.mp4,22,32,10,16,36,False,False,0.2044544667005539,0.0262144920125138,0.050940626156261715,2.088541456992971,166,2,32,32,False,
diving48,val,k71Cc-Sm-Mg_00072,data/Diving48_data/videos/k71Cc-Sm-Mg_00072.mp4,22,32,10,16,31,False,False,0.7293959856033325,0.02374866500031203,0.050940626156261715,2.0593988870095927,74,1,32,32,False,
diving48,val,k71Cc-Sm-Mg_00081,data/Diving48_data/videos/k71Cc-Sm-Mg_00081.mp4,22,32,10,16,31,False,False,0.6305171251296997,0.02299232699442655,0.050940626156261715,2.031682601023931,98,1,32,32,False,
diving48,val,rRw7peH60Yw_00025,data/Diving48_data/videos/rRw7peH60Yw_00025.mp4,22,32,10,16,3,False,False,0.24608510732650757,0.024174329999368638,0.05050279843726457,2.841195584012894,148,1,32,32,False,
diving48,val,zBXtMcI41z8_00064,data/Diving48_data/videos/zBXtMcI41z8_00064.mp4,23,32,10,16,36,False,False,0.284682035446167,0.024555299984058365,0.05050279843726457,2.8100737030035816,92,1,32,32,False,
diving48,val,XfCaMLlyj9I_00121,data/Diving48_data/videos/XfCaMLlyj9I_00121.mp4,23,32,10,16,3,False,False,0.719279408454895,0.022087510995334014,0.05050279843726457,2.781668699986767,104,1,32,32,False,
diving48,val,XfCaMLlyj9I_00120,data/Diving48_data/videos/XfCaMLlyj9I_00120.mp4,23,32,10,16,8,False,False,0.3027193248271942,0.02459863797412254,0.05050279843726457,2.7564396639936604,72,1,32,32,False,
diving48,val,XfCaMLlyj9I_00122,data/Diving48_data/videos/XfCaMLlyj9I_00122.mp4,23,32,10,16,8,False,False,0.42555367946624756,0.02441580401500687,0.05050279843726457,2.7282500749861356,49,1,32,32,False,
diving48,val,zBXtMcI41z8_00066,data/Diving48_data/videos/zBXtMcI41z8_00066.mp4,23,32,10,16,31,False,False,0.4627703130245209,0.021978971984935924,0.05050279843726457,2.7010048890078906,84,1,32,32,False,
diving48,val,zBXtMcI41z8_00063,data/Diving48_data/videos/zBXtMcI41z8_00063.mp4,23,32,10,16,31,False,False,0.29947608709335327,0.02114020599401556,0.05050279843726457,2.6754724719794467,57,1,32,32,False,
diving48,val,XfCaMLlyj9I_00119,data/Diving48_data/videos/XfCaMLlyj9I_00119.mp4,23,32,10,16,8,False,False,0.4392275810241699,0.024781612999504432,0.05050279843726457,2.651346555008786,76,1,32,32,False,
diving48,val,L_SB1PRgDTE_00033,data/Diving48_data/videos/L_SB1PRgDTE_00033.mp4,24,32,10,16,25,False,False,0.12391770631074905,0.02451590000418946,0.05050279843726457,2.6235369099886157,176,2,32,32,False,
diving48,val,CVAfPfVFulQ_00054,data/Diving48_data/videos/CVAfPfVFulQ_00054.mp4,24,32,10,16,31,False,False,0.23384779691696167,0.02166169200791046,0.05050279843726457,2.595384036016185,51,1,32,32,False,
diving48,val,mGRum47TLX0_00054,data/Diving48_data/videos/mGRum47TLX0_00054.mp4,24,32,10,16,36,False,False,0.33135151863098145,0.02319540100870654,0.05050279843726457,2.5690388359944336,164,1,32,32,False,
diving48,val,Le6xdQ2OO8w_00219,data/Diving48_data/videos/Le6xdQ2OO8w_00219.mp4,24,32,10,16,3,False,False,0.3237312436103821,0.02321984601439908,0.05050279843726457,2.5426320979895536,157,1,32,32,False,
diving48,val,cs8g1es4vfM_00021,data/Diving48_data/videos/cs8g1es4vfM_00021.mp4,24,32,10,16,31,False,False,0.21764518320560455,0.023137223004596308,0.05050279843726457,2.5158798309857957,155,1,32,32,False,
diving48,val,yHo2oERGo7A_00083,data/Diving48_data/videos/yHo2oERGo7A_00083.mp4,24,32,10,16,8,False,True,0.2893544137477875,0.02310101402690634,0.05050279843726457,2.4899800489947665,71,1,32,32,False,
diving48,val,cs8g1es4vfM_00015,data/Diving48_data/videos/cs8g1es4vfM_00015.mp4,24,32,10,16,36,False,True,0.5443617701530457,0.024736785009736195,0.05050279843726457,2.463214607007103,97,1,32,32,False,
diving48,val,mGRum47TLX0_00052,data/Diving48_data/videos/mGRum47TLX0_00052.mp4,24,32,10,16,15,False,True,0.15480314195156097,0.02275572100188583,0.05050279843726457,2.4354662869882304,77,1,32,32,False,
diving48,val,Le6xdQ2OO8w_00259,data/Diving48_data/videos/Le6xdQ2OO8w_00259.mp4,24,32,10,16,36,False,False,0.8607333302497864,0.02335530298296362,0.05050279843726457,2.408944099996006,106,1,32,32,False,
diving48,val,MbzIpx8kAD0_00050,data/Diving48_data/videos/MbzIpx8kAD0_00050.mp4,24,32,10,16,15,False,True,0.6528991460800171,0.022314594010822475,0.05050279843726457,2.3829294839815702,81,1,32,32,False,
diving48,val,CVAfPfVFulQ_00055,data/Diving48_data/videos/CVAfPfVFulQ_00055.mp4,24,32,10,16,15,False,True,0.32767534255981445,0.023772784013999626,0.05050279843726457,2.357859356008703,101,1,32,32,False,
diving48,val,yHo2oERGo7A_00035,data/Diving48_data/videos/yHo2oERGo7A_00035.mp4,24,32,10,16,34,False,False,0.2504213750362396,0.02104991499800235,0.05050279843726457,2.330802878976101,143,1,32,32,False,
diving48,val,yHo2oERGo7A_00082,data/Diving48_data/videos/yHo2oERGo7A_00082.mp4,24,32,10,16,36,False,False,0.24221281707286835,0.020867535000434145,0.05050279843726457,2.3069064799929038,139,1,32,32,False,
diving48,val,cs8g1es4vfM_00018,data/Diving48_data/videos/cs8g1es4vfM_00018.mp4,24,32,10,16,19,False,True,0.24870650470256805,0.021470790001330897,0.05050279843726457,2.2828896649880335,120,1,32,32,False,
diving48,val,yHo2oERGo7A_00081,data/Diving48_data/videos/yHo2oERGo7A_00081.mp4,24,32,10,16,31,False,True,0.24791750311851501,0.022706716001266614,0.05050279843726457,2.258634300000267,36,1,32,32,False,
diving48,val,SbzcCzXjYSU_00002,data/Diving48_data/videos/SbzcCzXjYSU_00002.mp4,24,32,10,16,8,False,False,0.25192317366600037,0.02377809101017192,0.05050279843726457,2.2333487790019717,46,1,32,32,False,
diving48,val,TMJ1XIZBRW4_00032,data/Diving48_data/videos/TMJ1XIZBRW4_00032.mp4,24,32,10,16,31,False,True,0.3904078006744385,0.02190938897547312,0.05050279843726457,2.206486376002431,100,1,32,32,False,
diving48,val,yHo2oERGo7A_00075,data/Diving48_data/videos/yHo2oERGo7A_00075.mp4,24,32,10,16,36,False,False,0.11650893837213516,0.021674657007679343,0.05050279843726457,2.181678941997234,94,1,32,32,False,
diving48,val,roFeEJPgJD8_00027,data/Diving48_data/videos/roFeEJPgJD8_00027.mp4,24,32,10,16,24,True,True,0.28839489817619324,0.02552514200215228,0.05050279843726457,2.156251508014975,113,1,32,32,False,
diving48,val,ovWCmIMMkRI_00041,data/Diving48_data/videos/ovWCmIMMkRI_00041.mp4,24,32,10,16,36,False,True,0.7478460073471069,0.02253351401304826,0.05050279843726457,2.1274843610008247,124,1,32,32,False,
diving48,val,Le6xdQ2OO8w_00263,data/Diving48_data/videos/Le6xdQ2OO8w_00263.mp4,25,32,10,16,3,False,False,0.20863185822963715,0.022029809013474733,0.05050279843726457,2.102053555980092,54,1,32,32,False,
diving48,val,L_SB1PRgDTE_00038,data/Diving48_data/videos/L_SB1PRgDTE_00038.mp4,25,32,10,16,24,False,False,0.5583953857421875,0.022100884991232306,0.05050279843726457,2.076585206988966,111,1,32,32,False,
diving48,val,bSsVWVfYU4w_00159,data/Diving48_data/videos/bSsVWVfYU4w_00159.mp4,25,32,10,16,36,False,False,0.8307285308837891,0.022343328018905595,0.05050279843726457,2.0515391299850307,104,1,32,32,False,
diving48,val,Le6xdQ2OO8w_00198,data/Diving48_data/videos/Le6xdQ2OO8w_00198.mp4,25,32,10,16,31,False,False,0.7251228094100952,0.02419584000017494,0.05050279843726457,2.0266309269936755,128,1,32,32,False,
diving48,val,bl0C6d9QgIg_00027,data/Diving48_data/videos/bl0C6d9QgIg_00027.mp4,25,32,10,16,36,False,False,0.43349578976631165,0.024758771993219852,0.05073802765673463,2.8515348059881944,91,1,32,32,False,
diving48,val,Le6xdQ2OO8w_00250,data/Diving48_data/videos/Le6xdQ2OO8w_00250.mp4,25,32,10,16,3,False,False,0.3726966381072998,0.025584419025108218,0.05073802765673463,2.8227104310062714,127,1,32,32,False,
diving48,val,TMJ1XIZBRW4_00053,data/Diving48_data/videos/TMJ1XIZBRW4_00053.mp4,25,32,10,16,31,False,False,0.3276258409023285,0.02240489298128523,0.05073802765673463,2.7931720259948634,67,1,32,32,False,
diving48,val,L2tKML4URG8_00001,data/Diving48_data/videos/L2tKML4URG8_00001.mp4,25,32,10,16,24,False,False,0.5686530470848083,0.022420455992687494,0.05073802765673463,2.7679543799895328,137,1,32,32,False,
diving48,val,MbzIpx8kAD0_00047,data/Diving48_data/videos/MbzIpx8kAD0_00047.mp4,25,32,10,16,15,False,True,0.1567891389131546,0.023724648024654016,0.05073802765673463,2.743050007004058,78,1,32,32,False,
diving48,val,Le6xdQ2OO8w_00190,data/Diving48_data/videos/Le6xdQ2OO8w_00190.mp4,25,32,10,16,3,False,False,0.21663238108158112,0.022816254990175366,0.05073802765673463,2.7161073080205824,160,1,32,32,False,
diving48,val,L2tKML4URG8_00000,data/Diving48_data/videos/L2tKML4URG8_00000.mp4,25,32,10,16,8,False,False,0.3680708408355713,0.023249130026670173,0.05073802765673463,2.69090908599901,63,1,32,32,False,
diving48,val,Le6xdQ2OO8w_00197,data/Diving48_data/videos/Le6xdQ2OO8w_00197.mp4,25,32,10,16,3,False,False,0.4391719698905945,0.022376979992259294,0.05073802765673463,2.6646248729957733,108,1,32,32,False,
diving48,val,Le6xdQ2OO8w_00189,data/Diving48_data/videos/Le6xdQ2OO8w_00189.mp4,25,32,10,16,24,False,True,0.13293424248695374,0.02265625400468707,0.05073802765673463,2.6397484859917313,141,1,32,32,False,
diving48,val,bl0C6d9QgIg_00028,data/Diving48_data/videos/bl0C6d9QgIg_00028.mp4,25,32,10,16,36,False,False,0.9072299003601074,0.022043539996957406,0.05073802765673463,2.613849836983718,155,1,32,32,False,
diving48,val,L2tKML4URG8_00002,data/Diving48_data/videos/L2tKML4URG8_00002.mp4,25,32,10,16,36,False,False,0.3479641377925873,0.02102784501039423,0.05073802765673463,2.589902459993027,78,1,32,32,False,
diving48,val,L2tKML4URG8_00003,data/Diving48_data/videos/L2tKML4URG8_00003.mp4,25,32,10,16,36,False,False,0.28894832730293274,0.02377047701156698,0.05073802765673463,2.5656340869900305,99,1,32,32,False,
diving48,val,k71Cc-Sm-Mg_00178,data/Diving48_data/videos/k71Cc-Sm-Mg_00178.mp4,26,32,10,16,24,False,False,0.3194684684276581,0.020607379003195092,0.05073802765673463,2.5393335039843805,113,1,32,32,False,
diving48,val,k71Cc-Sm-Mg_00045,data/Diving48_data/videos/k71Cc-Sm-Mg_00045.mp4,26,32,10,16,31,False,False,0.23178018629550934,0.024059699004283175,0.05073802765673463,2.5151458229811396,115,1,32,32,False,
diving48,val,sFO6XlfgxNQ_00091,data/Diving48_data/videos/sFO6XlfgxNQ_00091.mp4,26,32,10,16,31,False,False,0.28322654962539673,0.024410329991951585,0.05073802765673463,2.486985511990497,114,1,32,32,False,
diving48,val,8qRmKunCjtY_00013,data/Diving48_data/videos/8qRmKunCjtY_00013.mp4,26,32,10,16,36,False,False,0.514800488948822,0.0253906830039341,0.05073802765673463,2.4597552929772064,187,2,32,32,False,
diving48,val,XfCaMLlyj9I_00099,data/Diving48_data/videos/XfCaMLlyj9I_00099.mp4,26,32,10,16,3,False,False,0.18599343299865723,0.02471951799816452,0.05073802765673463,2.431277797004441,81,1,32,32,False,
diving48,val,SbzcCzXjYSU_00019,data/Diving48_data/videos/SbzcCzXjYSU_00019.mp4,26,32,10,16,3,False,False,0.17591892182826996,0.021142157987924293,0.05073802765673463,2.4038676370109897,130,1,32,32,False,
diving48,val,k71Cc-Sm-Mg_00044,data/Diving48_data/videos/k71Cc-Sm-Mg_00044.mp4,26,32,10,16,36,False,False,0.7227460145950317,0.022419277986045927,0.05073802765673463,2.378800862003118,149,1,32,32,False,
diving48,val,XfCaMLlyj9I_00087,data/Diving48_data/videos/XfCaMLlyj9I_00087.mp4,26,32,10,16,8,False,False,0.29787734150886536,0.02508328901603818,0.05073802765673463,2.352549317001831,64,1,32,32,False,
diving48,val,XfCaMLlyj9I_00097,data/Diving48_data/videos/XfCaMLlyj9I_00097.mp4,26,32,10,16,3,False,False,0.15805287659168243,0.026839238009415567,0.05073802765673463,2.324144616984995,194,2,32,32,False,
diving48,val,SbzcCzXjYSU_00059,data/Diving48_data/videos/SbzcCzXjYSU_00059.mp4,26,32,10,16,24,False,True,0.2903975248336792,0.0222954619966913,0.05073802765673463,2.2941473629907705,152,1,32,32,False,
diving48,val,roFeEJPgJD8_00008,data/Diving48_data/videos/roFeEJPgJD8_00008.mp4,26,32,10,16,15,False,False,0.12605860829353333,0.025301821005996317,0.05073802765673463,2.2680090020003263,196,2,32,32,False,
diving48,val,k71Cc-Sm-Mg_00177,data/Diving48_data/videos/k71Cc-Sm-Mg_00177.mp4,26,32,10,16,36,False,False,0.6563531756401062,0.02280340899596922,0.05073802765673463,2.2397216810204554,147,1,32,32,False,
diving48,val,XfCaMLlyj9I_00100,data/Diving48_data/videos/XfCaMLlyj9I_00100.mp4,26,32,10,16,36,False,False,0.211057648062706,0.02463731000898406,0.05073802765673463,2.2142557479965035,82,1,32,32,False,
diving48,val,sFO6XlfgxNQ_00113,data/Diving48_data/videos/sFO6XlfgxNQ_00113.mp4,26,32,10,16,33,False,False,0.18374960124492645,0.021877980994759127,0.05073802765673463,2.1874637809814885,109,1,32,32,False,
diving48,val,k71Cc-Sm-Mg_00046,data/Diving48_data/videos/k71Cc-Sm-Mg_00046.mp4,26,32,10,16,15,False,False,0.3231760859489441,0.025975691998610273,0.05073802765673463,2.160242418991402,113,1,32,32,False,
diving48,val,XfCaMLlyj9I_00089,data/Diving48_data/videos/XfCaMLlyj9I_00089.mp4,26,32,10,16,3,False,False,0.5711033344268799,0.022515198012115434,0.05073802765673463,2.131153321999591,123,1,32,32,False,
diving48,val,k71Cc-Sm-Mg_00174,data/Diving48_data/videos/k71Cc-Sm-Mg_00174.mp4,26,32,10,16,36,False,False,0.6906930208206177,0.022935671993764117,0.05073802765673463,2.1059991779911797,110,1,32,32,False,
diving48,val,sFO6XlfgxNQ_00075,data/Diving48_data/videos/sFO6XlfgxNQ_00075.mp4,26,32,10,16,3,False,False,0.1715242862701416,0.02805153199005872,0.05073802765673463,2.07999262001249,93,1,32,32,False,
diving48,val,XfCaMLlyj9I_00101,data/Diving48_data/videos/XfCaMLlyj9I_00101.mp4,26,32,10,16,31,False,False,0.4288797378540039,0.02354396297596395,0.05073802765673463,2.047797593026189,158,1,32,32,False,
diving48,val,rRw7peH60Yw_00011,data/Diving48_data/videos/rRw7peH60Yw_00011.mp4,26,32,10,16,3,False,False,0.3523387908935547,0.02531170498696156,0.05073802765673463,2.020872913999483,95,1,32,32,False,
diving48,val,ovWCmIMMkRI_00065,data/Diving48_data/videos/ovWCmIMMkRI_00065.mp4,27,32,10,16,24,False,False,0.1946435570716858,0.023426922009093687,0.05082101115658588,2.847587025986286,102,1,32,32,False,
diving48,val,ovWCmIMMkRI_00045,data/Diving48_data/videos/ovWCmIMMkRI_00045.mp4,27,32,10,16,24,False,False,0.708448588848114,0.02960541399079375,0.05082101115658588,2.8189448800112586,81,1,32,32,False,
diving48,val,jMEYIEYkpY0_00007,data/Diving48_data/videos/jMEYIEYkpY0_00007.mp4,27,32,10,16,31,False,False,0.345075398683548,0.02188593498431146,0.05082101115658588,2.7858161779877264,65,1,32,32,False,
diving48,val,zmacW6f2Tdk_00060,data/Diving48_data/videos/zmacW6f2Tdk_00060.mp4,27,32,10,16,15,False,False,0.2243070900440216,0.02092111299862154,0.05082101115658588,2.761309171008179,75,1,32,32,False,
diving48,val,roFeEJPgJD8_00007,data/Diving48_data/videos/roFeEJPgJD8_00007.mp4,27,32,10,16,15,False,False,0.15566498041152954,0.022823904000688344,0.05082101115658588,2.7375486420060042,137,1,32,32,False,
diving48,val,zmacW6f2Tdk_00005,data/Diving48_data/videos/zmacW6f2Tdk_00005.mp4,27,32,10,16,36,False,False,0.5914677381515503,0.02576705499086529,0.05082101115658588,2.712710997002432,225,2,32,32,False,
diving48,val,yHo2oERGo7A_00025,data/Diving48_data/videos/yHo2oERGo7A_00025.mp4,27,32,10,16,29,False,False,0.8269150257110596,0.022217032994376495,0.05082101115658588,2.6841177669994067,128,1,32,32,False,
diving48,val,qD3IMtAanSg_00038,data/Diving48_data/videos/qD3IMtAanSg_00038.mp4,27,32,10,16,36,False,False,0.2322678565979004,0.02315248901140876,0.05082101115658588,2.6593574559956323,130,1,32,32,False,
diving48,val,yHo2oERGo7A_00052,data/Diving48_data/videos/yHo2oERGo7A_00052.mp4,27,32,10,16,31,False,False,0.23607569932937622,0.023070522991474718,0.05082101115658588,2.6340378710010555,113,1,32,32,False,
diving48,val,bSsVWVfYU4w_00128,data/Diving48_data/videos/bSsVWVfYU4w_00128.mp4,27,32,10,16,24,False,False,0.12948650121688843,0.0225461530208122,0.05082101115658588,2.607124169007875,123,1,32,32,False,
diving48,val,bSsVWVfYU4w_00103,data/Diving48_data/videos/bSsVWVfYU4w_00103.mp4,27,32,10,16,20,False,False,0.13036808371543884,0.021281455003190786,0.05082101115658588,2.5816324049956165,133,1,32,32,False,
diving48,val,jMEYIEYkpY0_00042,data/Diving48_data/videos/jMEYIEYkpY0_00042.mp4,27,32,10,16,36,False,False,0.1659705936908722,0.021233265986666083,0.05082101115658588,2.557394873991143,116,1,32,32,False,
diving48,val,jMEYIEYkpY0_00008,data/Diving48_data/videos/jMEYIEYkpY0_00008.mp4,27,32,10,16,36,False,False,0.09956048429012299,0.02164888198603876,0.05082101115658588,2.533161219005706,114,1,32,32,False,
diving48,val,ovWCmIMMkRI_00046,data/Diving48_data/videos/ovWCmIMMkRI_00046.mp4,27,32,10,16,31,False,False,0.7320023775100708,0.021903209009906277,0.05082101115658588,2.508959764003521,77,1,32,32,False,
diving48,val,yHo2oERGo7A_00027,data/Diving48_data/videos/yHo2oERGo7A_00027.mp4,27,32,10,16,15,False,False,0.1622440069913864,0.024941201001638547,0.05082101115658588,2.484322173986584,214,2,32,32,False,
diving48,val,bSsVWVfYU4w_00129,data/Diving48_data/videos/bSsVWVfYU4w_00129.mp4,27,32,10,16,31,False,False,0.16414806246757507,0.021778071008156985,0.05082101115658588,2.4566241099964827,112,1,32,32,False,
diving48,val,yHo2oERGo7A_00028,data/Diving48_data/videos/yHo2oERGo7A_00028.mp4,27,32,10,16,36,False,False,0.8225632905960083,0.027031934005208313,0.05082101115658588,2.4318642700091004,260,2,32,32,False,
diving48,val,ovWCmIMMkRI_00063,data/Diving48_data/videos/ovWCmIMMkRI_00063.mp4,27,32,10,16,36,False,False,0.889034628868103,0.022634983994066715,0.05082101115658588,2.4011271799972747,93,1,32,32,False,
diving48,val,jMEYIEYkpY0_00077,data/Diving48_data/videos/jMEYIEYkpY0_00077.mp4,27,32,10,16,3,False,False,0.2708909213542938,0.02183824498206377,0.05082101115658588,2.3753990450059064,97,1,32,32,False,
diving48,val,jMEYIEYkpY0_00060,data/Diving48_data/videos/jMEYIEYkpY0_00060.mp4,27,32,10,16,31,False,False,0.5100341439247131,0.022132455982500687,0.05082101115658588,2.3505761080014054,115,1,32,32,False,
diving48,val,zBXtMcI41z8_00112,data/Diving48_data/videos/zBXtMcI41z8_00112.mp4,28,32,10,16,36,False,False,0.35875630378723145,0.02186051497119479,0.05082101115658588,2.3251870550157037,73,1,32,32,False,
diving48,val,qD3IMtAanSg_00051,data/Diving48_data/videos/qD3IMtAanSg_00051.mp4,28,32,10,16,33,False,False,0.24490781128406525,0.02486878799390979,0.05082101115658588,2.300738074001856,224,2,32,32,False,
diving48,val,qD3IMtAanSg_00134,data/Diving48_data/videos/qD3IMtAanSg_00134.mp4,28,32,10,16,19,False,False,0.33887264132499695,0.02317392299300991,0.05082101115658588,2.273048407980241,163,1,32,32,False,
diving48,val,XfCaMLlyj9I_00150,data/Diving48_data/videos/XfCaMLlyj9I_00150.mp4,28,32,10,16,3,False,False,0.18022547662258148,0.02412863398785703,0.05082101115658588,2.246591973991599,73,1,32,32,False,
diving48,val,XfCaMLlyj9I_00132,data/Diving48_data/videos/XfCaMLlyj9I_00132.mp4,28,32,10,16,8,False,False,0.30199989676475525,0.02504359799786471,0.05082101115658588,2.219429719989421,91,1,32,32,False,
diving48,val,qD3IMtAanSg_00057,data/Diving48_data/videos/qD3IMtAanSg_00057.mp4,28,32,10,16,36,False,False,0.395211786031723,0.02349190300446935,0.05082101115658588,2.190462400991237,194,2,32,32,False,
diving48,val,qD3IMtAanSg_00081,data/Diving48_data/videos/qD3IMtAanSg_00081.mp4,28,32,10,16,36,False,False,0.3323843479156494,0.027675327990436926,0.05082101115658588,2.1637174950155895,95,1,32,32,False,
diving48,val,XfCaMLlyj9I_00148,data/Diving48_data/videos/XfCaMLlyj9I_00148.mp4,28,32,10,16,8,False,False,0.33217769861221313,0.026356165995821357,0.05082101115658588,2.13273750100052,73,1,32,32,False,
diving48,val,k71Cc-Sm-Mg_00107,data/Diving48_data/videos/k71Cc-Sm-Mg_00107.mp4,28,32,10,16,15,False,False,0.3295421600341797,0.022162017005030066,0.05082101115658588,2.1030524620146025,124,1,32,32,False,
diving48,val,qD3IMtAanSg_00024,data/Diving48_data/videos/qD3IMtAanSg_00024.mp4,28,32,10,16,26,False,False,0.2967381775379181,0.02480146600282751,0.05082101115658588,2.0776765600021463,114,1,32,32,False,
diving48,val,k71Cc-Sm-Mg_00114,data/Diving48_data/videos/k71Cc-Sm-Mg_00114.mp4,28,32,10,16,36,False,False,0.7857423424720764,0.031167359004030004,0.05082101115658588,2.049667125014821,124,1,32,32,False,
diving48,val,qD3IMtAanSg_00036,data/Diving48_data/videos/qD3IMtAanSg_00036.mp4,28,32,10,16,15,False,False,0.3522259294986725,0.0294421489816159,0.05082101115658588,2.0154305129835848,101,1,32,32,False,
diving48,val,k71Cc-Sm-Mg_00112,data/Diving48_data/videos/k71Cc-Sm-Mg_00112.mp4,28,32,10,16,36,False,False,0.28914874792099,0.03424697901937179,0.052133631594188046,2.9259679250244517,192,2,32,32,False,
diving48,val,XfCaMLlyj9I_00133,data/Diving48_data/videos/XfCaMLlyj9I_00133.mp4,28,32,10,16,36,False,False,0.8621469736099243,0.028897937008878216,0.052133631594188046,2.8881188300147187,153,1,32,32,False,
diving48,val,XfCaMLlyj9I_00134,data/Diving48_data/videos/XfCaMLlyj9I_00134.mp4,28,32,10,16,3,False,False,0.17810621857643127,0.025002053997013718,0.052133631594188046,2.856042455008719,73,1,32,32,False,
diving48,val,zBXtMcI41z8_00047,data/Diving48_data/videos/zBXtMcI41z8_00047.mp4,28,32,10,16,3,False,False,0.4679003953933716,0.022018326999386773,0.052133631594188046,2.8269543279893696,55,1,32,32,False,
diving48,val,qD3IMtAanSg_00080,data/Diving48_data/videos/qD3IMtAanSg_00080.mp4,28,32,10,16,19,False,False,0.21733085811138153,0.02603974999510683,0.052133631594188046,2.8015694249770604,179,2,32,32,False,
diving48,val,zBXtMcI41z8_00029,data/Diving48_data/videos/zBXtMcI41z8_00029.mp4,28,32,10,16,3,False,False,0.29131606221199036,0.022183730005053803,0.052133631594188046,2.7728658990236,45,1,32,32,False,
diving48,val,qD3IMtAanSg_00089,data/Diving48_data/videos/qD3IMtAanSg_00089.mp4,28,32,10,16,19,False,False,0.9102813601493835,0.023946431989315897,0.052133631594188046,2.7477990959887393,177,2,32,32,False,
diving48,val,qD3IMtAanSg_00052,data/Diving48_data/videos/qD3IMtAanSg_00052.mp4,28,32,10,16,36,False,False,0.8337122797966003,0.02407580998260528,0.052133631594188046,2.720525646000169,108,1,32,32,False,
diving48,val,sexZ6VnZ9yc_00005,data/Diving48_data/videos/sexZ6VnZ9yc_00005.mp4,29,32,10,16,36,False,False,0.45489564538002014,0.021893124998314306,0.052133631594188046,2.693792537000263,147,1,32,32,False,
diving48,val,MbzIpx8kAD0_00008,data/Diving48_data/videos/MbzIpx8kAD0_00008.mp4,29,32,10,16,36,False,False,0.663234293460846,0.021790343016618863,0.052133631594188046,2.6672653339919634,80,1,32,32,False,
diving48,val,bSsVWVfYU4w_00013,data/Diving48_data/videos/bSsVWVfYU4w_00013.mp4,29,32,10,16,15,False,True,0.28491222858428955,0.021798110014060512,0.052133631594188046,2.641878230992006,109,1,32,32,False,
diving48,val,MbzIpx8kAD0_00001,data/Diving48_data/videos/MbzIpx8kAD0_00001.mp4,29,32,10,16,3,False,False,0.28799372911453247,0.023026391019811854,0.052133631594188046,2.6171723149891477,59,1,32,32,False,
diving48,val,sFO6XlfgxNQ_00017,data/Diving48_data/videos/sFO6XlfgxNQ_00017.mp4,29,32,10,16,36,False,False,0.5204721689224243,0.022175563004566357,0.052133631594188046,2.5913149699917994,159,1,32,32,False,
diving48,val,sexZ6VnZ9yc_00004,data/Diving48_data/videos/sexZ6VnZ9yc_00004.mp4,29,32,10,16,34,False,False,0.18794256448745728,0.027909900003578514,0.052133631594188046,2.5662141059874557,180,2,32,32,False,
diving48,val,bSsVWVfYU4w_00022,data/Diving48_data/videos/bSsVWVfYU4w_00022.mp4,29,32,10,16,16,False,False,0.7796596884727478,0.02071506599895656,0.052133631594188046,2.536478146997979,70,1,32,32,False,
diving48,val,bSsVWVfYU4w_00017,data/Diving48_data/videos/bSsVWVfYU4w_00017.mp4,29,32,10,16,29,True,True,0.32928821444511414,0.021160690987017006,0.052133631594188046,2.5128128710202873,159,1,32,32,False,
diving48,val,mGRum47TLX0_00007,data/Diving48_data/videos/mGRum47TLX0_00007.mp4,29,32,10,16,31,False,False,0.21896690130233765,0.025715580995893106,0.052133631594188046,2.4887385519978125,204,2,32,32,False,
diving48,val,bSsVWVfYU4w_00016,data/Diving48_data/videos/bSsVWVfYU4w_00016.mp4,29,32,10,16,15,False,False,0.3111390769481659,0.021207566984230652,0.052133631594188046,2.4609101280220784,143,1,32,32,False,
diving48,val,CVAfPfVFulQ_00005,data/Diving48_data/videos/CVAfPfVFulQ_00005.mp4,29,32,10,16,16,False,False,0.26381272077560425,0.023115486023016274,0.052133631594188046,2.4367180470144376,76,1,32,32,False,
diving48,val,bSsVWVfYU4w_00012,data/Diving48_data/videos/bSsVWVfYU4w_00012.mp4,29,32,10,16,31,False,False,0.11236869543790817,0.020995246013626456,0.052133631594188046,2.409000946005108,128,1,32,32,False,
diving48,val,sFO6XlfgxNQ_00018,data/Diving48_data/videos/sFO6XlfgxNQ_00018.mp4,29,32,10,16,36,False,True,0.40886202454566956,0.023308884003199637,0.052133631594188046,2.386036574986065,116,1,32,32,False,
diving48,val,bSsVWVfYU4w_00023,data/Diving48_data/videos/bSsVWVfYU4w_00023.mp4,29,32,10,16,19,False,True,0.33918723464012146,0.02143144397996366,0.052133631594188046,2.3597645809932146,114,1,32,32,False,
diving48,val,mGRum47TLX0_00006,data/Diving48_data/videos/mGRum47TLX0_00006.mp4,29,32,10,16,36,False,True,0.5269370675086975,0.02341365799657069,0.052133631594188046,2.3354318749916274,114,1,32,32,False,
diving48,val,mGRum47TLX0_00004,data/Diving48_data/videos/mGRum47TLX0_00004.mp4,29,32,10,16,36,False,True,0.9584729671478271,0.02083423300064169,0.052133631594188046,2.308562342019286,98,1,32,32,False,
diving48,val,bSsVWVfYU4w_00009,data/Diving48_data/videos/bSsVWVfYU4w_00009.mp4,29,32,10,16,29,True,True,0.33381950855255127,0.021629253984428942,0.052133631594188046,2.2835703899909277,128,1,32,32,False,
diving48,val,sFO6XlfgxNQ_00016,data/Diving48_data/videos/sFO6XlfgxNQ_00016.mp4,29,32,10,16,36,False,True,0.9809231758117676,0.02274257899262011,0.052133631594188046,2.258857684006216,69,1,32,32,False,
diving48,val,mGRum47TLX0_00010,data/Diving48_data/videos/mGRum47TLX0_00010.mp4,29,32,10,16,3,False,False,0.23220643401145935,0.027713699004380032,0.052133631594188046,2.2323918970068917,130,1,32,32,False,
diving48,val,bSsVWVfYU4w_00008,data/Diving48_data/videos/bSsVWVfYU4w_00008.mp4,29,32,10,16,36,False,True,0.8368423581123352,0.020997769985115156,0.052133631594188046,2.2018574379908387,110,1,32,32,False,
diving48,val,Le6xdQ2OO8w_00111,data/Diving48_data/videos/Le6xdQ2OO8w_00111.mp4,31,32,10,16,16,False,False,0.3432905375957489,0.023338514991337433,0.052133631594188046,2.17836428899318,115,1,32,32,False,
diving48,val,Le6xdQ2OO8w_00137,data/Diving48_data/videos/Le6xdQ2OO8w_00137.mp4,31,32,10,16,3,False,True,0.4025125503540039,0.030208150012185797,0.052133631594188046,2.1518912699830253,216,2,32,32,False,
diving48,val,Le6xdQ2OO8w_00025,data/Diving48_data/videos/Le6xdQ2OO8w_00025.mp4,31,32,10,16,3,False,False,0.6779372096061707,0.02958581899292767,0.052133631594188046,2.1188944760069717,74,1,32,32,False,
diving48,val,Le6xdQ2OO8w_00021,data/Diving48_data/videos/Le6xdQ2OO8w_00021.mp4,31,32,10,16,36,False,True,0.7159512042999268,0.03382272299495526,0.052133631594188046,2.085768521996215,236,2,32,32,False,
diving48,val,CVAfPfVFulQ_00012,data/Diving48_data/videos/CVAfPfVFulQ_00012.mp4,31,32,10,16,24,False,True,0.22612012922763824,0.027568600984523073,0.050906066843708686,2.8559396869968623,57,1,32,32,False,
diving48,val,ovWCmIMMkRI_00026,data/Diving48_data/videos/ovWCmIMMkRI_00026.mp4,31,32,10,16,36,False,False,0.8725358843803406,0.02170394200948067,0.050906066843708686,2.8218886439863127,112,1,32,32,False,
diving48,val,bSsVWVfYU4w_00038,data/Diving48_data/videos/bSsVWVfYU4w_00038.mp4,31,32,10,16,31,True,True,0.6695212125778198,0.0214156569854822,0.050906066843708686,2.7972475579881575,47,1,32,32,False,
diving48,val,bSsVWVfYU4w_00078,data/Diving48_data/videos/bSsVWVfYU4w_00078.mp4,31,32,10,16,16,False,False,0.1697082370519638,0.02187545399647206,0.050906066843708686,2.773037266015308,93,1,32,32,False,
diving48,val,roFeEJPgJD8_00039,data/Diving48_data/videos/roFeEJPgJD8_00039.mp4,31,32,10,16,32,False,True,0.17781026661396027,0.026101291005034,0.050906066843708686,2.7471848760033026,100,1,32,32,False,
diving48,val,Le6xdQ2OO8w_00105,data/Diving48_data/videos/Le6xdQ2OO8w_00105.mp4,31,32,10,16,36,False,True,0.32498013973236084,0.027150281996000558,0.050906066843708686,2.718173320987262,89,1,32,32,False,
diving48,val,TMJ1XIZBRW4_00013,data/Diving48_data/videos/TMJ1XIZBRW4_00013.mp4,31,32,10,16,36,False,True,0.5426713228225708,0.022399333014618605,0.050906066843708686,2.6884469479846302,110,1,32,32,False,
diving48,val,ovWCmIMMkRI_00043,data/Diving48_data/videos/ovWCmIMMkRI_00043.mp4,31,32,10,16,33,False,False,0.5923851728439331,0.024097424990031868,0.050906066843708686,2.6633869539946318,40,1,32,32,False,
diving48,val,k71Cc-Sm-Mg_00037,data/Diving48_data/videos/k71Cc-Sm-Mg_00037.mp4,31,32,10,16,31,True,True,0.6102979779243469,0.024203506007324904,0.050906066843708686,2.635907479998423,119,1,32,32,False,
diving48,val,CVAfPfVFulQ_00014,data/Diving48_data/videos/CVAfPfVFulQ_00014.mp4,31,32,10,16,19,False,True,0.23743385076522827,0.021627342997817323,0.050906066843708686,2.608973252004944,66,1,32,32,False,
diving48,val,yHo2oERGo7A_00003,data/Diving48_data/videos/yHo2oERGo7A_00003.mp4,31,32,10,16,36,False,True,0.4577558636665344,0.025602818990591913,0.050906066843708686,2.584311593993334,114,1,32,32,False,
diving48,val,TMJ1XIZBRW4_00014,data/Diving48_data/videos/TMJ1XIZBRW4_00014.mp4,31,32,10,16,36,False,False,0.25459200143814087,0.021948223002254963,0.050906066843708686,2.5556248989887536,83,1,32,32,False,
diving48,val,bSsVWVfYU4w_00031,data/Diving48_data/videos/bSsVWVfYU4w_00031.mp4,31,32,10,16,33,False,True,0.11722920835018158,0.023465184000087902,0.050906066843708686,2.530956343980506,207,2,32,32,False,
diving48,val,k71Cc-Sm-Mg_00035,data/Diving48_data/videos/k71Cc-Sm-Mg_00035.mp4,31,32,10,16,31,True,True,0.2968520224094391,0.02422555402154103,0.050906066843708686,2.504591723001795,99,1,32,32,False,
diving48,val,Le6xdQ2OO8w_00181,data/Diving48_data/videos/Le6xdQ2OO8w_00181.mp4,31,32,10,16,31,True,True,0.3350978195667267,0.025167202984448522,0.050906066843708686,2.4777542800002266,135,1,32,32,False,
diving48,val,Le6xdQ2OO8w_00092,data/Diving48_data/videos/Le6xdQ2OO8w_00092.mp4,31,32,10,16,8,False,False,0.31464919447898865,0.02411897701676935,0.050906066843708686,2.4490212130185682,87,1,32,32,False,
diving48,val,Le6xdQ2OO8w_00243,data/Diving48_data/videos/Le6xdQ2OO8w_00243.mp4,32,32,10,16,3,False,False,0.4069753587245941,0.024092261999612674,0.050906066843708686,2.421523945988156,76,1,32,32,False,
diving48,val,L_SB1PRgDTE_00021,data/Diving48_data/videos/L_SB1PRgDTE_00021.mp4,32,32,10,16,32,True,True,0.4724748730659485,0.023280316003365442,0.050906066843708686,2.3947118319920264,56,1,32,32,False,
diving48,val,bSsVWVfYU4w_00133,data/Diving48_data/videos/bSsVWVfYU4w_00133.mp4,32,32,10,16,36,False,True,0.44701340794563293,0.022889493993716314,0.050906066843708686,2.3681853390007745,142,1,32,32,False,
diving48,val,L2tKML4URG8_00007,data/Diving48_data/videos/L2tKML4URG8_00007.mp4,32,32,10,16,15,False,False,0.286416620016098,0.022039529983885586,0.050906066843708686,2.342051165003795,85,1,32,32,False,
diving48,val,Le6xdQ2OO8w_00231,data/Diving48_data/videos/Le6xdQ2OO8w_00231.mp4,32,32,10,16,3,False,True,0.4464675784111023,0.025119947007624432,0.050906066843708686,2.3166919089853764,98,1,32,32,False,
diving48,val,L2tKML4URG8_00006,data/Diving48_data/videos/L2tKML4URG8_00006.mp4,32,32,10,16,31,False,True,0.9496251940727234,0.023655539989704266,0.050906066843708686,2.2882263930223417,56,1,32,32,False,
diving48,val,bl0C6d9QgIg_00019,data/Diving48_data/videos/bl0C6d9QgIg_00019.mp4,32,32,10,16,36,False,False,0.8147552013397217,0.02525671201874502,0.050906066843708686,2.2614494349982124,56,1,32,32,False,
diving48,val,L_SB1PRgDTE_00032,data/Diving48_data/videos/L_SB1PRgDTE_00032.mp4,32,32,10,16,15,False,False,0.3000282049179077,0.02255050398525782,0.050906066843708686,2.231894046009984,87,1,32,32,False,
diving48,val,MbzIpx8kAD0_00041,data/Diving48_data/videos/MbzIpx8kAD0_00041.mp4,32,32,10,16,16,False,True,0.24133409559726715,0.0238495739758946,0.050906066843708686,2.205623741989257,79,1,32,32,False,
diving48,val,Le6xdQ2OO8w_00237,data/Diving48_data/videos/Le6xdQ2OO8w_00237.mp4,32,32,10,16,34,False,True,0.30360448360443115,0.023834006977267563,0.050906066843708686,2.178767337987665,89,1,32,32,False,
diving48,val,bSsVWVfYU4w_00165,data/Diving48_data/videos/bSsVWVfYU4w_00165.mp4,32,32,10,16,31,False,True,0.2087356597185135,0.021735674992669374,0.050906066843708686,2.1519414389913436,106,1,32,32,False,
diving48,val,ovWCmIMMkRI_00039,data/Diving48_data/videos/ovWCmIMMkRI_00039.mp4,32,32,10,16,31,False,True,0.2757349908351898,0.021746693004388362,0.050906066843708686,2.1280143840122037,95,1,32,32,False,
diving48,val,Le6xdQ2OO8w_00242,data/Diving48_data/videos/Le6xdQ2OO8w_00242.mp4,32,32,10,16,8,False,True,0.3243494927883148,0.022766295995097607,0.050906066843708686,2.1031042970134877,47,1,32,32,False,
diving48,val,mGRum47TLX0_00065,data/Diving48_data/videos/mGRum47TLX0_00065.mp4,32,32,10,16,36,False,False,0.2769410014152527,0.022054033004678786,0.050906066843708686,2.075776476005558,68,1,32,32,False,
diving48,val,mGRum47TLX0_00059,data/Diving48_data/videos/mGRum47TLX0_00059.mp4,32,32,10,16,31,False,True,0.28077220916748047,0.02557489401078783,0.050906066843708686,2.0502006829774473,48,1,32,32,False,
diving48,val,Le6xdQ2OO8w_00262,data/Diving48_data/videos/Le6xdQ2OO8w_00262.mp4,32,32,10,16,8,False,True,0.5448629856109619,0.02392588899238035,0.050906066843708686,2.0196233250026125,78,1,32,32,False,
diving48,val,Le6xdQ2OO8w_00211,data/Diving48_data/videos/Le6xdQ2OO8w_00211.mp4,32,32,10,16,36,False,False,0.7819192409515381,0.023993236012756824,0.04996270684296178,2.8612073849944863,107,1,32,32,False,
diving48,val,bl0C6d9QgIg_00020,data/Diving48_data/videos/bl0C6d9QgIg_00020.mp4,32,32,10,16,36,False,False,0.8842557668685913,0.029819961986504495,0.04996270684296178,2.832130665978184,118,1,32,32,False,
diving48,val,Le6xdQ2OO8w_00236,data/Diving48_data/videos/Le6xdQ2OO8w_00236.mp4,32,32,10,16,3,False,True,0.4687863886356354,0.024067917023785412,0.04996270684296178,2.7996588360110763,54,1,32,32,False,
diving48,val,Le6xdQ2OO8w_00230,data/Diving48_data/videos/Le6xdQ2OO8w_00230.mp4,32,32,10,16,3,False,True,0.3475973904132843,0.025419710989808664,0.04996270684296178,2.7720921649888624,84,1,32,32,False,
diving48,val,rRw7peH60Yw_00003,data/Diving48_data/videos/rRw7peH60Yw_00003.mp4,33,32,10,16,3,False,False,0.363251268863678,0.025034738995600492,0.04996270684296178,2.743910914985463,53,1,32,32,False,
diving48,val,XfCaMLlyj9I_00065,data/Diving48_data/videos/XfCaMLlyj9I_00065.mp4,33,32,10,16,24,False,True,0.23961056768894196,0.023048372007906437,0.04996270684296178,2.7158894349995535,89,1,32,32,False,
diving48,val,XfCaMLlyj9I_00076,data/Diving48_data/videos/XfCaMLlyj9I_00076.mp4,33,32,10,16,31,False,True,0.4742927551269531,0.022436519007897004,0.04996270684296178,2.6887354729988147,163,1,32,32,False,
diving48,val,XfCaMLlyj9I_00070,data/Diving48_data/videos/XfCaMLlyj9I_00070.mp4,33,32,10,16,33,True,True,0.169411301612854,0.030862065992550924,0.04996270684296178,2.662591249012621,253,2,32,32,False,
diving48,val,rRw7peH60Yw_00026,data/Diving48_data/videos/rRw7peH60Yw_00026.mp4,33,32,10,16,8,False,False,0.6497909426689148,0.0253164790046867,0.04996270684296178,2.628973479993874,71,1,32,32,False,
diving48,val,ovWCmIMMkRI_00049,data/Diving48_data/videos/ovWCmIMMkRI_00049.mp4,33,32,10,16,33,True,True,0.4162038266658783,0.021957016026135534,0.04996270684296178,2.5992721320071723,106,1,32,32,False,
diving48,val,k71Cc-Sm-Mg_00095,data/Diving48_data/videos/k71Cc-Sm-Mg_00095.mp4,33,32,10,16,31,False,False,0.6883262991905212,0.024382952018640935,0.04996270684296178,2.574787860008655,75,1,32,32,False,
diving48,val,jMEYIEYkpY0_00076,data/Diving48_data/videos/jMEYIEYkpY0_00076.mp4,33,32,10,16,7,False,True,0.6018002033233643,0.021525627991650254,0.04996270684296178,2.546130784001434,105,1,32,32,False,
diving48,val,jMEYIEYkpY0_00099,data/Diving48_data/videos/jMEYIEYkpY0_00099.mp4,33,32,10,16,33,True,True,0.2783813178539276,0.02070665400242433,0.04996270684296178,2.520964762981748,45,1,32,32,False,
diving48,val,rRw7peH60Yw_00005,data/Diving48_data/videos/rRw7peH60Yw_00005.mp4,33,32,10,16,3,False,False,0.4932710528373718,0.027322160021867603,0.04996270684296178,2.4975876519747544,131,1,32,32,False,
diving48,val,ovWCmIMMkRI_00047,data/Diving48_data/videos/ovWCmIMMkRI_00047.mp4,33,32,10,16,36,False,False,0.9589369893074036,0.026937120012007654,0.04996270684296178,2.4664791410032194,120,1,32,32,False,
diving48,val,jMEYIEYkpY0_00075,data/Diving48_data/videos/jMEYIEYkpY0_00075.mp4,33,32,10,16,31,False,False,0.19845876097679138,0.021669072011718526,0.04996270684296178,2.4373538520012517,111,1,32,32,False,
diving48,val,XfCaMLlyj9I_00141,data/Diving48_data/videos/XfCaMLlyj9I_00141.mp4,33,32,10,16,36,False,False,0.7863459587097168,0.022105726005975157,0.04996270684296178,2.4126283100049477,130,1,32,32,False,
diving48,val,XfCaMLlyj9I_00063,data/Diving48_data/videos/XfCaMLlyj9I_00063.mp4,33,32,10,16,33,True,True,0.20243524014949799,0.02631717998883687,0.04996270684296178,2.38741680100793,82,1,32,32,False,
diving48,val,SbzcCzXjYSU_00041,data/Diving48_data/videos/SbzcCzXjYSU_00041.mp4,33,32,10,16,36,False,False,0.28368279337882996,0.027565932017751038,0.04996270684296178,2.358444784011226,320,2,32,32,False,
diving48,val,rRw7peH60Yw_00017,data/Diving48_data/videos/rRw7peH60Yw_00017.mp4,33,32,10,16,36,False,False,0.41721299290657043,0.028120217990363017,0.04996270684296178,2.327782952983398,163,1,32,32,False,
diving48,val,k71Cc-Sm-Mg_00096,data/Diving48_data/videos/k71Cc-Sm-Mg_00096.mp4,33,32,10,16,33,True,True,0.3076983690261841,0.0234603569842875,0.04996270684296178,2.297013877017889,101,1,32,32,False,
diving48,val,SbzcCzXjYSU_00042,data/Diving48_data/videos/SbzcCzXjYSU_00042.mp4,33,32,10,16,15,False,True,0.40178975462913513,0.02242010200279765,0.04996270684296178,2.2712531950091943,120,1,32,32,False,
diving48,val,XfCaMLlyj9I_00073,data/Diving48_data/videos/XfCaMLlyj9I_00073.mp4,33,32,10,16,3,False,True,0.24725492298603058,0.025097334990277886,0.04996270684296178,2.246331945003476,83,1,32,32,False,
diving48,val,k71Cc-Sm-Mg_00098,data/Diving48_data/videos/k71Cc-Sm-Mg_00098.mp4,33,32,10,16,24,False,True,0.3467349708080292,0.023585343005834147,0.04996270684296178,2.2174998779955786,70,1,32,32,False,
diving48,val,SbzcCzXjYSU_00023,data/Diving48_data/videos/SbzcCzXjYSU_00023.mp4,34,32,10,16,36,False,False,0.6835830211639404,0.023372699011815712,0.04996270684296178,2.188337961997604,116,1,32,32,False,
diving48,val,roFeEJPgJD8_00025,data/Diving48_data/videos/roFeEJPgJD8_00025.mp4,34,32,10,16,36,False,False,0.7592599987983704,0.02536991800297983,0.04996270684296178,2.1624884629854932,87,1,32,32,False,
diving48,val,SbzcCzXjYSU_00024,data/Diving48_data/videos/SbzcCzXjYSU_00024.mp4,34,32,10,16,3,False,False,0.683793306350708,0.024190939002437517,0.04996270684296178,2.1335561229789164,103,1,32,32,False,
diving48,val,yHo2oERGo7A_00073,data/Diving48_data/videos/yHo2oERGo7A_00073.mp4,34,32,10,16,3,False,False,0.20739494264125824,0.02647435199469328,0.04996270684296178,2.1063203070079908,95,1,32,32,False,
diving48,val,yHo2oERGo7A_00013,data/Diving48_data/videos/yHo2oERGo7A_00013.mp4,34,32,10,16,8,False,True,0.343008816242218,0.029678477003471926,0.04996270684296178,2.076528749021236,121,1,32,32,False,
diving48,val,yHo2oERGo7A_00031,data/Diving48_data/videos/yHo2oERGo7A_00031.mp4,34,32,10,16,36,False,False,0.232547789812088,0.022148492018459365,0.04996270684296178,2.044022991991369,132,1,32,32,False,
diving48,val,yHo2oERGo7A_00039,data/Diving48_data/videos/yHo2oERGo7A_00039.mp4,34,32,10,16,36,False,False,0.8536347150802612,0.022933511005248874,0.04996270684296178,2.0192516050010454,114,1,32,32,False,
diving48,val,jMEYIEYkpY0_00057,data/Diving48_data/videos/jMEYIEYkpY0_00057.mp4,34,32,10,16,36,False,False,0.2461555153131485,0.030265035020420328,0.04996270684296178,1.9920191559940577,138,1,32,32,False,
diving48,val,CVAfPfVFulQ_00069,data/Diving48_data/videos/CVAfPfVFulQ_00069.mp4,34,32,10,16,24,False,False,0.16128990054130554,0.023638568993192166,0.051454561657010345,2.8764568329788744,47,1,32,32,False,
diving48,val,SbzcCzXjYSU_00012,data/Diving48_data/videos/SbzcCzXjYSU_00012.mp4,34,32,10,16,3,False,False,0.6458336710929871,0.02247773899580352,0.051454561657010345,2.849179582000943,137,1,32,32,False,
diving48,val,zmacW6f2Tdk_00012,data/Diving48_data/videos/zmacW6f2Tdk_00012.mp4,34,32,10,16,36,False,True,0.27209803462028503,0.024534545984352008,0.051454561657010345,2.8234588989871554,105,1,32,32,False,
diving48,val,bSsVWVfYU4w_00146,data/Diving48_data/videos/bSsVWVfYU4w_00146.mp4,34,32,10,16,33,False,False,0.186085507273674,0.02126339398091659,0.051454561657010345,2.7951414120034315,149,1,32,32,False,
diving48,val,yHo2oERGo7A_00010,data/Diving48_data/videos/yHo2oERGo7A_00010.mp4,34,32,10,16,36,False,False,0.998738706111908,0.02135541700408794,0.051454561657010345,2.771303779009031,124,1,32,32,False,
diving48,val,SbzcCzXjYSU_00010,data/Diving48_data/videos/SbzcCzXjYSU_00010.mp4,34,32,10,16,36,False,False,0.7437931895256042,0.02779885201016441,0.051454561657010345,2.7472847680037376,263,2,32,32,False,
diving48,val,yHo2oERGo7A_00030,data/Diving48_data/videos/yHo2oERGo7A_00030.mp4,34,32,10,16,8,False,True,0.40099596977233887,0.02241443798993714,0.051454561657010345,2.716617336991476,130,1,32,32,False,
diving48,val,SbzcCzXjYSU_00013,data/Diving48_data/videos/SbzcCzXjYSU_00013.mp4,34,32,10,16,36,False,False,0.4858982563018799,0.023057141981553286,0.051454561657010345,2.6909795770188794,132,1,32,32,False,
diving48,val,bSsVWVfYU4w_00145,data/Diving48_data/videos/bSsVWVfYU4w_00145.mp4,34,32,10,16,34,True,True,0.21977795660495758,0.021911762974923477,0.051454561657010345,2.6653140209964477,103,1,32,32,False,
diving48,val,CVAfPfVFulQ_00057,data/Diving48_data/videos/CVAfPfVFulQ_00057.mp4,34,32,10,16,36,False,False,0.6263653635978699,0.022214774013264105,0.051454561657010345,2.6410833169938996,69,1,32,32,False,
diving48,val,SbzcCzXjYSU_00025,data/Diving48_data/videos/SbzcCzXjYSU_00025.mp4,34,32,10,16,3,False,False,0.13818052411079407,0.021988114982377738,0.051454561657010345,2.6159979150106665,101,1,32,32,False,
diving48,val,CVAfPfVFulQ_00050,data/Diving48_data/videos/CVAfPfVFulQ_00050.mp4,34,32,10,16,36,False,False,0.6887584328651428,0.021382722014095634,0.051454561657010345,2.591460797993932,83,1,32,32,False,
diving48,val,qD3IMtAanSg_00096,data/Diving48_data/videos/qD3IMtAanSg_00096.mp4,35,32,10,16,36,False,False,0.98752361536026,0.02170181999099441,0.051454561657010345,2.5670377879869193,162,1,32,32,False,
diving48,val,zBXtMcI41z8_00079,data/Diving48_data/videos/zBXtMcI41z8_00079.mp4,35,32,10,16,3,False,False,0.5211119651794434,0.025187922990880907,0.051454561657010345,2.5425536779803224,91,1,32,32,False,
diving48,val,sFO6XlfgxNQ_00065,data/Diving48_data/videos/sFO6XlfgxNQ_00065.mp4,35,32,10,16,36,False,False,0.6960073113441467,0.025445424020290375,0.051454561657010345,2.513934401998995,174,2,32,32,False,
diving48,val,XfCaMLlyj9I_00128,data/Diving48_data/videos/XfCaMLlyj9I_00128.mp4,35,32,10,16,3,False,False,0.3370796740055084,0.02518724399851635,0.051454561657010345,2.485515542997746,74,1,32,32,False,
diving48,val,XfCaMLlyj9I_00124,data/Diving48_data/videos/XfCaMLlyj9I_00124.mp4,35,32,10,16,33,False,False,0.4380471408367157,0.02458461100468412,0.051454561657010345,2.456161517999135,71,1,32,32,False,
diving48,val,zBXtMcI41z8_00078,data/Diving48_data/videos/zBXtMcI41z8_00078.mp4,35,32,10,16,3,False,False,0.7016808390617371,0.02350328999455087,0.051454561657010345,2.4292035060061608,67,1,32,32,False,
diving48,val,qD3IMtAanSg_00095,data/Diving48_data/videos/qD3IMtAanSg_00095.mp4,35,32,10,16,36,False,False,0.337776780128479,0.022005023987730965,0.051454561657010345,2.4023091010167263,66,1,32,32,False,
diving48,val,XfCaMLlyj9I_00085,data/Diving48_data/videos/XfCaMLlyj9I_00085.mp4,35,32,10,16,16,False,False,0.2546800374984741,0.024898606003262103,0.051454561657010345,2.376574028021423,170,2,32,32,False,
diving48,val,k71Cc-Sm-Mg_00142,data/Diving48_data/videos/k71Cc-Sm-Mg_00142.mp4,35,32,10,16,31,False,False,0.43410640954971313,0.023476992995711043,0.051454561657010345,2.348057338997023,81,1,32,32,False,
diving48,val,k71Cc-Sm-Mg_00149,data/Diving48_data/videos/k71Cc-Sm-Mg_00149.mp4,35,32,10,16,8,False,False,0.2617449462413788,0.023779798997566104,0.051454561657010345,2.3214452450047247,53,1,32,32,False,
diving48,val,sFO6XlfgxNQ_00066,data/Diving48_data/videos/sFO6XlfgxNQ_00066.mp4,35,32,10,16,3,False,False,0.26309654116630554,0.02430076801101677,0.051454561657010345,2.2945745949982665,69,1,32,32,False,
diving48,val,sFO6XlfgxNQ_00064,data/Diving48_data/videos/sFO6XlfgxNQ_00064.mp4,35,32,10,16,36,False,False,0.9806220531463623,0.02324974100338295,0.051454561657010345,2.265760322974529,76,1,32,32,False,
diving48,val,sFO6XlfgxNQ_00078,data/Diving48_data/videos/sFO6XlfgxNQ_00078.mp4,35,32,10,16,34,False,True,0.9625741243362427,0.0229590599774383,0.051454561657010345,2.2384558930061758,61,1,32,32,False,
diving48,val,sFO6XlfgxNQ_00076,data/Diving48_data/videos/sFO6XlfgxNQ_00076.mp4,35,32,10,16,31,False,False,0.15437908470630646,0.020719860011013225,0.051454561657010345,2.2127162939868867,35,1,32,32,False,
diving48,val,zBXtMcI41z8_00035,data/Diving48_data/videos/zBXtMcI41z8_00035.mp4,35,32,10,16,3,False,False,0.3386947214603424,0.023023043002467602,0.051454561657010345,2.189008979999926,48,1,32,32,False,
diving48,val,k71Cc-Sm-Mg_00143,data/Diving48_data/videos/k71Cc-Sm-Mg_00143.mp4,35,32,10,16,15,False,False,0.2635577619075775,0.02272731502307579,0.051454561657010345,2.1627578850020654,116,1,32,32,False,
diving48,val,jMEYIEYkpY0_00046,data/Diving48_data/videos/jMEYIEYkpY0_00046.mp4,35,32,10,16,36,False,False,0.4273166060447693,0.022217227990040556,0.051454561657010345,2.137387217982905,118,1,32,32,False,
diving48,val,jMEYIEYkpY0_00051,data/Diving48_data/videos/jMEYIEYkpY0_00051.mp4,35,32,10,16,36,False,False,0.874511182308197,0.0208035180112347,0.051454561657010345,2.112315464997664,121,1,32,32,False,
diving48,val,qD3IMtAanSg_00087,data/Diving48_data/videos/qD3IMtAanSg_00087.mp4,35,32,10,16,36,False,False,0.5520163774490356,0.023765171004924923,0.051454561657010345,2.0886298299883492,94,1,32,32,False,
diving48,val,sFO6XlfgxNQ_00108,data/Diving48_data/videos/sFO6XlfgxNQ_00108.mp4,35,32,10,16,7,False,False,0.43865031003952026,0.02730284197605215,0.051454561657010345,2.0615995890111662,123,1,32,32,False,
diving48,val,k71Cc-Sm-Mg_00005,data/Diving48_data/videos/k71Cc-Sm-Mg_00005.mp4,36,32,10,16,31,False,False,0.2898179292678833,0.02579548000358045,0.051723781500186305,2.8680326440080535,103,1,32,32,False,
diving48,val,Le6xdQ2OO8w_00107,data/Diving48_data/videos/Le6xdQ2OO8w_00107.mp4,36,32,10,16,31,False,True,0.24477314949035645,0.02319648800767027,0.051723781500186305,2.8374961230147164,49,1,32,32,False,
diving48,val,bSsVWVfYU4w_00042,data/Diving48_data/videos/bSsVWVfYU4w_00042.mp4,36,32,10,16,19,False,True,0.5002542734146118,0.022622437012614682,0.051723781500186305,2.8090304140059743,49,1,32,32,False,
diving48,val,sFO6XlfgxNQ_00011,data/Diving48_data/videos/sFO6XlfgxNQ_00011.mp4,36,32,10,16,36,True,True,0.9620161056518555,0.024778013990726322,0.051723781500186305,2.7837456359993666,161,1,32,32,False,
diving48,val,sFO6XlfgxNQ_00010,data/Diving48_data/videos/sFO6XlfgxNQ_00010.mp4,36,32,10,16,36,True,True,0.9761984348297119,0.022450193006079644,0.051723781500186305,2.7543663069955073,154,1,32,32,False,
diving48,val,mGRum47TLX0_00021,data/Diving48_data/videos/mGRum47TLX0_00021.mp4,36,32,10,16,36,True,True,0.46209976077079773,0.024120329995639622,0.051723781500186305,2.7289224560081493,86,1,32,32,False,
diving48,val,zBXtMcI41z8_00092,data/Diving48_data/videos/zBXtMcI41z8_00092.mp4,36,32,10,16,36,True,True,0.3105916678905487,0.024232620984548703,0.051723781500186305,2.7014680819993373,98,1,32,32,False,
diving48,val,TMJ1XIZBRW4_00009,data/Diving48_data/videos/TMJ1XIZBRW4_00009.mp4,36,32,10,16,31,False,True,0.8169761300086975,0.022147403011331335,0.051723781500186305,2.674123997974675,61,1,32,32,False,
diving48,val,Le6xdQ2OO8w_00096,data/Diving48_data/videos/Le6xdQ2OO8w_00096.mp4,36,32,10,16,36,True,True,0.28735992312431335,0.024411796999629587,0.051723781500186305,2.648184666002635,138,1,32,32,False,
diving48,val,bSsVWVfYU4w_00035,data/Diving48_data/videos/bSsVWVfYU4w_00035.mp4,36,32,10,16,36,True,True,0.3552709221839905,0.022882090997882187,0.051723781500186305,2.6201971400005277,120,1,32,32,False,
diving48,val,Le6xdQ2OO8w_00100,data/Diving48_data/videos/Le6xdQ2OO8w_00100.mp4,36,32,10,16,36,True,True,0.79813551902771,0.024010515015106648,0.051723781500186305,2.5943426129815634,144,1,32,32,False,
diving48,val,bSsVWVfYU4w_00088,data/Diving48_data/videos/bSsVWVfYU4w_00088.mp4,36,32,10,16,31,False,True,0.1637103110551834,0.021730420005042106,0.051723781500186305,2.5669914280006196,129,1,32,32,False,
diving48,val,sFO6XlfgxNQ_00007,data/Diving48_data/videos/sFO6XlfgxNQ_00007.mp4,36,32,10,16,36,True,True,0.18995928764343262,0.024595788010628894,0.051723781500186305,2.542298145010136,168,2,32,32,False,
diving48,val,Le6xdQ2OO8w_00116,data/Diving48_data/videos/Le6xdQ2OO8w_00116.mp4,36,32,10,16,3,False,False,0.536609411239624,0.024362645024666563,0.051723781500186305,2.513703461008845,104,1,32,32,False,
diving48,val,sFO6XlfgxNQ_00006,data/Diving48_data/videos/sFO6XlfgxNQ_00006.mp4,36,32,10,16,31,False,True,0.6594911217689514,0.023122231010347605,0.051723781500186305,2.4865360319963656,129,1,32,32,False,
diving48,val,zBXtMcI41z8_00005,data/Diving48_data/videos/zBXtMcI41z8_00005.mp4,36,32,10,16,36,True,True,0.3913724720478058,0.022430551005527377,0.051723781500186305,2.4608367549953982,52,1,32,32,False,
diving48,val,Le6xdQ2OO8w_00114,data/Diving48_data/videos/Le6xdQ2OO8w_00114.mp4,36,32,10,16,3,False,True,0.23605965077877045,0.021758004993898794,0.051723781500186305,2.435384445008822,119,1,32,32,False,
diving48,val,ovWCmIMMkRI_00027,data/Diving48_data/videos/ovWCmIMMkRI_00027.mp4,36,32,10,16,36,True,True,0.9855372309684753,0.024560277990531176,0.051723781500186305,2.41069245399558,58,1,32,32,False,
diving48,val,Le6xdQ2OO8w_00112,data/Diving48_data/videos/Le6xdQ2OO8w_00112.mp4,36,32,10,16,36,True,True,0.9550791382789612,0.025150291970930994,0.051723781500186305,2.38320733801811,178,2,32,32,False,
diving48,val,zBXtMcI41z8_00086,data/Diving48_data/videos/zBXtMcI41z8_00086.mp4,36,32,10,16,3,False,False,0.31152936816215515,0.025295701023424044,0.051723781500186305,2.355600773007609,129,1,32,32,False,
diving48,val,SbzcCzXjYSU_00006,data/Diving48_data/videos/SbzcCzXjYSU_00006.mp4,37,32,10,16,36,False,False,0.45379379391670227,0.023398417979478836,0.051723781500186305,2.327985087002162,143,1,32,32,False,
diving48,val,bSsVWVfYU4w_00091,data/Diving48_data/videos/bSsVWVfYU4w_00091.mp4,37,32,10,16,15,False,False,0.38839682936668396,0.021168496023165062,0.051723781500186305,2.3015503530041315,112,1,32,32,False,
diving48,val,bSsVWVfYU4w_00090,data/Diving48_data/videos/bSsVWVfYU4w_00090.mp4,37,32,10,16,31,False,False,0.2098938226699829,0.021378903998993337,0.051723781500186305,2.276984183001332,142,1,32,32,False,
diving48,val,SbzcCzXjYSU_00005,data/Diving48_data/videos/SbzcCzXjYSU_00005.mp4,37,32,10,16,36,False,False,0.51031893491745,0.02222459900076501,0.051723781500186305,2.25245196200558,70,1,32,32,False,
diving48,val,cs8g1es4vfM_00036,data/Diving48_data/videos/cs8g1es4vfM_00036.mp4,38,32,10,16,36,False,False,0.5188724994659424,0.02025608901749365,0.051723781500186305,2.2273802229901776,54,1,32,32,False,
diving48,val,cs8g1es4vfM_00037,data/Diving48_data/videos/cs8g1es4vfM_00037.mp4,38,32,10,16,36,False,False,0.8738347887992859,0.02369792401441373,0.051723781500186305,2.204323174984893,98,1,32,32,False,
diving48,val,yHo2oERGo7A_00094,data/Diving48_data/videos/yHo2oERGo7A_00094.mp4,39,32,10,16,31,False,False,0.21480435132980347,0.022426231997087598,0.051723781500186305,2.1768420939915814,104,1,32,32,False,
diving48,val,yHo2oERGo7A_00095,data/Diving48_data/videos/yHo2oERGo7A_00095.mp4,39,32,10,16,31,False,False,0.24382947385311127,0.021558047010330483,0.051723781500186305,2.151674605003791,84,1,32,32,False,
diving48,val,cs8g1es4vfM_00044,data/Diving48_data/videos/cs8g1es4vfM_00044.mp4,39,32,10,16,31,False,False,0.2796933352947235,0.021612979006022215,0.051723781500186305,2.127163612021832,106,1,32,32,False,
diving48,val,cs8g1es4vfM_00045,data/Diving48_data/videos/cs8g1es4vfM_00045.mp4,39,32,10,16,8,False,False,0.23846721649169922,0.026028588006738573,0.051723781500186305,2.1018878640024923,175,2,32,32,False,
diving48,val,yHo2oERGo7A_00093,data/Diving48_data/videos/yHo2oERGo7A_00093.mp4,39,32,10,16,36,False,False,0.6641513705253601,0.020754173019668087,0.051723781500186305,2.0725912199995946,92,1,32,32,False,
diving48,val,rRw7peH60Yw_00033,data/Diving48_data/videos/rRw7peH60Yw_00033.mp4,40,32,10,16,15,False,False,0.2899303138256073,0.026627137005561963,0.051723781500186305,2.0491438809840474,185,2,32,32,False,
diving48,val,rRw7peH60Yw_00012,data/Diving48_data/videos/rRw7peH60Yw_00012.mp4,40,32,10,16,31,False,False,0.1264808475971222,0.029177043004892766,0.05100257853155199,2.8271955840173177,133,1,32,32,False,
diving48,val,sRA_iEJGHtU_00001,data/Diving48_data/videos/sRA_iEJGHtU_00001.mp4,41,32,10,16,3,False,True,0.5547587275505066,0.02419525000732392,0.05100257853155199,2.7945543250243645,44,1,32,32,False,
diving48,val,cs8g1es4vfM_00007,data/Diving48_data/videos/cs8g1es4vfM_00007.mp4,41,32,10,16,31,False,False,0.4303196370601654,0.023064745997544378,0.05100257853155199,2.766531113011297,141,1,32,32,False,
diving48,val,zmacW6f2Tdk_00055,data/Diving48_data/videos/zmacW6f2Tdk_00055.mp4,41,32,10,16,36,False,False,0.39922723174095154,0.022368410980561748,0.05100257853155199,2.7408720380044542,97,1,32,32,False,
diving48,val,SbzcCzXjYSU_00035,data/Diving48_data/videos/SbzcCzXjYSU_00035.mp4,41,32,10,16,3,False,False,0.22312353551387787,0.023417942982632667,0.05100257853155199,2.7161686129984446,108,1,32,32,False,
diving48,val,SbzcCzXjYSU_00036,data/Diving48_data/videos/SbzcCzXjYSU_00036.mp4,41,32,10,16,15,False,False,0.14094769954681396,0.021663177001755685,0.05100257853155199,2.6899900950083975,82,1,32,32,False,
diving48,val,SbzcCzXjYSU_00037,data/Diving48_data/videos/SbzcCzXjYSU_00037.mp4,41,32,10,16,15,False,False,0.6609766483306885,0.02164774900302291,0.05100257853155199,2.6661268240131903,118,1,32,32,False,
diving48,val,sRA_iEJGHtU_00003,data/Diving48_data/videos/sRA_iEJGHtU_00003.mp4,41,32,10,16,3,False,True,0.6352604627609253,0.0240865140222013,0.05100257853155199,2.64167615401675,88,1,32,32,False,
diving48,val,sRA_iEJGHtU_00000,data/Diving48_data/videos/sRA_iEJGHtU_00000.mp4,41,32,10,16,3,False,False,0.6231353878974915,0.023144937003962696,0.05100257853155199,2.6140643290127628,44,1,32,32,False,
diving48,val,cs8g1es4vfM_00006,data/Diving48_data/videos/cs8g1es4vfM_00006.mp4,41,32,10,16,19,False,False,0.35352033376693726,0.02339730499079451,0.05100257853155199,2.5881536589877214,107,1,32,32,False,
diving48,val,sRA_iEJGHtU_00002,data/Diving48_data/videos/sRA_iEJGHtU_00002.mp4,41,32,10,16,3,False,False,0.524876058101654,0.02424259000690654,0.05100257853155199,2.5620892879960593,54,1,32,32,False,
diving48,val,k71Cc-Sm-Mg_00180,data/Diving48_data/videos/k71Cc-Sm-Mg_00180.mp4,42,32,10,16,15,False,False,0.3001951277256012,0.022579686978133395,0.05100257853155199,2.5347947319969535,125,1,32,32,False,
diving48,val,k71Cc-Sm-Mg_00179,data/Diving48_data/videos/k71Cc-Sm-Mg_00179.mp4,42,32,10,16,3,False,False,0.28147271275520325,0.022533854003995657,0.05100257853155199,2.509488497977145,66,1,32,32,False,
diving48,val,rRw7peH60Yw_00023,data/Diving48_data/videos/rRw7peH60Yw_00023.mp4,42,32,10,16,31,False,False,0.5527936220169067,0.025639482017140836,0.05100257853155199,2.484057160996599,293,2,32,32,False,
diving48,val,SbzcCzXjYSU_00044,data/Diving48_data/videos/SbzcCzXjYSU_00044.mp4,43,32,10,16,33,False,False,0.1730278581380844,0.02398486901074648,0.05100257853155199,2.4558735839964356,179,2,32,32,False,
diving48,val,SbzcCzXjYSU_00046,data/Diving48_data/videos/SbzcCzXjYSU_00046.mp4,43,32,10,16,36,False,False,0.200099378824234,0.024629898980492726,0.05100257853155199,2.428838870022446,179,2,32,32,False,
diving48,val,rRw7peH60Yw_00022,data/Diving48_data/videos/rRw7peH60Yw_00022.mp4,43,32,10,16,31,False,False,0.29385027289390564,0.025433375005377457,0.05100257853155199,2.4010295729967766,156,1,32,32,False,
diving48,val,rRw7peH60Yw_00007,data/Diving48_data/videos/rRw7peH60Yw_00007.mp4,43,32,10,16,32,False,False,0.18421517312526703,0.02329511399148032,0.05100257853155199,2.373112064000452,107,1,32,32,False,
diving48,val,SbzcCzXjYSU_00017,data/Diving48_data/videos/SbzcCzXjYSU_00017.mp4,43,32,10,16,32,False,False,0.22798104584217072,0.022205684013897553,0.05100257853155199,2.3468687260174192,62,1,32,32,False,
diving48,val,zmacW6f2Tdk_00053,data/Diving48_data/videos/zmacW6f2Tdk_00053.mp4,43,32,10,16,15,False,False,0.13819390535354614,0.022326523991068825,0.05100257853155199,2.321842686011223,113,1,32,32,False,
diving48,val,SbzcCzXjYSU_00045,data/Diving48_data/videos/SbzcCzXjYSU_00045.mp4,43,32,10,16,15,False,False,0.1866457164287567,0.024201245978474617,0.05100257853155199,2.296693209995283,306,2,32,32,False,
diving48,val,zmacW6f2Tdk_00054,data/Diving48_data/videos/zmacW6f2Tdk_00054.mp4,43,32,10,16,31,False,False,0.4723312556743622,0.023902696993900463,0.05100257853155199,2.270467316993745,144,1,32,32,False,
diving48,val,8qRmKunCjtY_00017,data/Diving48_data/videos/8qRmKunCjtY_00017.mp4,43,32,10,16,3,False,False,0.36687806248664856,0.024882850993890315,0.05100257853155199,2.243691878975369,130,1,32,32,False,
diving48,val,yHo2oERGo7A_00074,data/Diving48_data/videos/yHo2oERGo7A_00074.mp4,44,32,10,16,3,False,False,0.3561840057373047,0.021667984983650967,0.05100257853155199,2.2148810969956685,146,1,32,32,False,
diving48,val,roFeEJPgJD8_00023,data/Diving48_data/videos/roFeEJPgJD8_00023.mp4,44,32,10,16,11,False,False,0.2736204266548157,0.02065148699330166,0.05100257853155199,2.1905991479870863,92,1,32,32,False,
diving48,val,Le6xdQ2OO8w_00223,data/Diving48_data/videos/Le6xdQ2OO8w_00223.mp4,44,32,10,16,36,False,False,0.6934147477149963,0.023330037016421556,0.05100257853155199,2.167680434999056,107,1,32,32,False,
diving48,val,zmacW6f2Tdk_00022,data/Diving48_data/videos/zmacW6f2Tdk_00022.mp4,44,32,10,16,24,False,False,0.20609550178050995,0.020889934996375814,0.05100257853155199,2.142124784993939,41,1,32,32,False,
diving48,val,CVAfPfVFulQ_00074,data/Diving48_data/videos/CVAfPfVFulQ_00074.mp4,44,32,10,16,19,False,False,0.12206944078207016,0.023966605978785083,0.05100257853155199,2.117908703017747,88,1,32,32,False,
diving48,val,yHo2oERGo7A_00049,data/Diving48_data/videos/yHo2oERGo7A_00049.mp4,44,32,10,16,8,False,False,0.4431362748146057,0.022798621008405462,0.05100257853155199,2.0912176279816777,85,1,32,32,False,
diving48,val,SbzcCzXjYSU_00026,data/Diving48_data/videos/SbzcCzXjYSU_00026.mp4,44,32,10,16,19,False,False,0.28059855103492737,0.02356158898328431,0.05100257853155199,2.0665022199973464,146,1,32,32,False,
diving48,val,jMEYIEYkpY0_00086,data/Diving48_data/videos/jMEYIEYkpY0_00086.mp4,44,32,10,16,3,False,False,0.23091131448745728,0.021546094008954242,0.05100257853155199,2.0395346720179077,77,1,32,32,False,
diving48,val,jMEYIEYkpY0_00071,data/Diving48_data/videos/jMEYIEYkpY0_00071.mp4,44,32,10,16,15,False,False,0.25740689039230347,0.02316815100493841,0.05100257853155199,2.0150913469842635,102,1,32,32,False,
diving48,val,roFeEJPgJD8_00024,data/Diving48_data/videos/roFeEJPgJD8_00024.mp4,44,32,10,16,15,False,False,0.32591497898101807,0.029868634010199457,0.051204034405600396,2.882315047987504,96,1,32,32,False,
diving48,val,TMJ1XIZBRW4_00049,data/Diving48_data/videos/TMJ1XIZBRW4_00049.mp4,44,32,10,16,31,False,False,0.7531639337539673,0.02953797101508826,0.051204034405600396,2.847847104014363,70,1,32,32,False,
diving48,val,cs8g1es4vfM_00030,data/Diving48_data/videos/cs8g1es4vfM_00030.mp4,44,32,10,16,36,False,False,0.30509111285209656,0.021895106008742005,0.051204034405600396,2.8151018710050266,109,1,32,32,False,
diving48,val,yHo2oERGo7A_00062,data/Diving48_data/videos/yHo2oERGo7A_00062.mp4,44,32,10,16,31,False,True,0.09874246269464493,0.024987187993247062,0.051204034405600396,2.7904527640203014,190,2,32,32,False,
diving48,val,yHo2oERGo7A_00080,data/Diving48_data/videos/yHo2oERGo7A_00080.mp4,44,32,10,16,36,False,False,0.9939769506454468,0.02169709699228406,0.051204034405600396,2.7626205910055432,141,1,32,32,False,
diving48,val,jMEYIEYkpY0_00085,data/Diving48_data/videos/jMEYIEYkpY0_00085.mp4,44,32,10,16,36,False,False,0.44254955649375916,0.023287084011826664,0.051204034405600396,2.73761770298006,83,1,32,32,False,
diving48,val,yHo2oERGo7A_00050,data/Diving48_data/videos/yHo2oERGo7A_00050.mp4,44,32,10,16,36,False,False,0.9962790608406067,0.02214199400623329,0.051204034405600396,2.710605777974706,144,1,32,32,False,
diving48,val,zmacW6f2Tdk_00033,data/Diving48_data/videos/zmacW6f2Tdk_00033.mp4,44,32,10,16,33,False,False,0.3630480170249939,0.02128169799107127,0.051204034405600396,2.685189550014911,118,1,32,32,False,
diving48,val,Le6xdQ2OO8w_00222,data/Diving48_data/videos/Le6xdQ2OO8w_00222.mp4,44,32,10,16,15,False,False,0.34702956676483154,0.025084871012950316,0.051204034405600396,2.661055150005268,130,1,32,32,False,
diving48,val,cs8g1es4vfM_00026,data/Diving48_data/videos/cs8g1es4vfM_00026.mp4,44,32,10,16,8,False,False,0.4032970368862152,0.024272265000035986,0.051204034405600396,2.6326312809833325,80,1,32,32,False,
diving48,val,yHo2oERGo7A_00063,data/Diving48_data/videos/yHo2oERGo7A_00063.mp4,44,32,10,16,36,False,False,0.24091704189777374,0.024406320007983595,0.051204034405600396,2.605688778014155,202,2,32,32,False,
diving48,val,rRw7peH60Yw_00015,data/Diving48_data/videos/rRw7peH60Yw_00015.mp4,45,32,10,16,36,False,False,0.4184786081314087,0.0219682689930778,0.051204034405600396,2.5791773889795877,118,1,32,32,False,
diving48,val,k71Cc-Sm-Mg_00063,data/Diving48_data/videos/k71Cc-Sm-Mg_00063.mp4,45,32,10,16,36,False,False,0.8716049194335938,0.022907795995706692,0.051204034405600396,2.553787162003573,94,1,32,32,False,
diving48,val,qD3IMtAanSg_00118,data/Diving48_data/videos/qD3IMtAanSg_00118.mp4,45,32,10,16,19,False,False,0.34220969676971436,0.0246194539940916,0.051204034405600396,2.5275650480180047,178,2,32,32,False,
diving48,val,qD3IMtAanSg_00094,data/Diving48_data/videos/qD3IMtAanSg_00094.mp4,45,32,10,16,36,False,False,0.36813369393348694,0.025156579999020323,0.051204034405600396,2.500643671985017,180,2,32,32,False,
diving48,val,qD3IMtAanSg_00001,data/Diving48_data/videos/qD3IMtAanSg_00001.mp4,45,32,10,16,33,False,False,0.16801491379737854,0.023285214992938563,0.051204034405600396,2.472299982997356,191,2,32,32,False,
diving48,val,XfCaMLlyj9I_00104,data/Diving48_data/videos/XfCaMLlyj9I_00104.mp4,45,32,10,16,33,False,False,0.3741978108882904,0.025424414983717725,0.051204034405600396,2.4464837109844666,64,1,32,32,False,
diving48,val,qD3IMtAanSg_00093,data/Diving48_data/videos/qD3IMtAanSg_00093.mp4,45,32,10,16,19,False,False,0.15971508622169495,0.021654526994097978,0.051204034405600396,2.417004235991044,63,1,32,32,False,
diving48,val,qD3IMtAanSg_00071,data/Diving48_data/videos/qD3IMtAanSg_00071.mp4,45,32,10,16,19,False,False,0.469807893037796,0.025314840022474527,0.051204034405600396,2.3919117960031144,178,2,32,32,False,
diving48,val,qD3IMtAanSg_00049,data/Diving48_data/videos/qD3IMtAanSg_00049.mp4,45,32,10,16,15,False,False,0.2930741310119629,0.025472869019722566,0.051204034405600396,2.363226682995446,106,1,32,32,False,
diving48,val,qD3IMtAanSg_00000,data/Diving48_data/videos/qD3IMtAanSg_00000.mp4,45,32,10,16,33,False,False,0.21747253835201263,0.022469185991212726,0.051204034405600396,2.334796973998891,91,1,32,32,False,
diving48,val,XfCaMLlyj9I_00106,data/Diving48_data/videos/XfCaMLlyj9I_00106.mp4,45,32,10,16,36,False,False,0.11767997592687607,0.024481144006131217,0.051204034405600396,2.3091102029720787,76,1,32,32,False,
diving48,val,k71Cc-Sm-Mg_00091,data/Diving48_data/videos/k71Cc-Sm-Mg_00091.mp4,45,32,10,16,31,False,False,0.6625201106071472,0.023553912003990263,0.051204034405600396,2.279614059982123,72,1,32,32,False,
diving48,val,jMEYIEYkpY0_00069,data/Diving48_data/videos/jMEYIEYkpY0_00069.mp4,45,32,10,16,8,False,False,0.7742787599563599,0.02161443798104301,0.051204034405600396,2.253518529003486,81,1,32,32,False,
diving48,val,k71Cc-Sm-Mg_00064,data/Diving48_data/videos/k71Cc-Sm-Mg_00064.mp4,45,32,10,16,15,False,False,0.4524134695529938,0.02235291400575079,0.051204034405600396,2.2290593389770947,141,1,32,32,False,
diving48,val,qD3IMtAanSg_00108,data/Diving48_data/videos/qD3IMtAanSg_00108.mp4,45,32,10,16,31,False,False,0.17931382358074188,0.02796940298867412,0.051204034405600396,2.2032287979964167,83,1,32,32,False,
diving48,val,zBXtMcI41z8_00055,data/Diving48_data/videos/zBXtMcI41z8_00055.mp4,45,32,10,16,31,False,False,0.32246407866477966,0.022754947014618665,0.051204034405600396,2.172305657994002,91,1,32,32,False,
diving48,val,zBXtMcI41z8_00054,data/Diving48_data/videos/zBXtMcI41z8_00054.mp4,45,32,10,16,15,False,False,0.23455476760864258,0.02193478899425827,0.051204034405600396,2.1465329060156364,72,1,32,32,False,
diving48,val,XfCaMLlyj9I_00105,data/Diving48_data/videos/XfCaMLlyj9I_00105.mp4,45,32,10,16,36,False,False,0.7401381134986877,0.022919581999303773,0.051204034405600396,2.121657819021493,131,1,32,32,False,
diving48,val,k71Cc-Sm-Mg_00065,data/Diving48_data/videos/k71Cc-Sm-Mg_00065.mp4,45,32,10,16,31,False,False,0.5119085311889648,0.022963280003750697,0.051204034405600396,2.09510404599132,112,1,32,32,False,
diving48,val,qD3IMtAanSg_00107,data/Diving48_data/videos/qD3IMtAanSg_00107.mp4,45,32,10,16,33,False,False,0.7317689061164856,0.02182372097740881,0.051204034405600396,2.069371746008983,157,1,32,32,False,
diving48,val,zBXtMcI41z8_00025,data/Diving48_data/videos/zBXtMcI41z8_00025.mp4,46,32,10,16,3,False,False,0.37813496589660645,0.023761919990647584,0.051204034405600396,2.0440464509883896,90,1,32,32,False,
diving48,val,bSsVWVfYU4w_00057,data/Diving48_data/videos/bSsVWVfYU4w_00057.mp4,46,32,10,16,15,False,False,0.2937133312225342,0.023351481999270618,0.05041715715560713,2.8473618080024607,134,1,32,32,False,
diving48,val,MbzIpx8kAD0_00028,data/Diving48_data/videos/MbzIpx8kAD0_00028.mp4,46,32,10,16,36,False,False,0.34281519055366516,0.027130061003845185,0.05041715715560713,2.8176771349972114,104,1,32,32,False,
diving48,val,zBXtMcI41z8_00024,data/Diving48_data/videos/zBXtMcI41z8_00024.mp4,46,32,10,16,15,False,False,0.2946464717388153,0.02290907400310971,0.05041715715560713,2.787256762996549,77,1,32,32,False,
diving48,val,sFO6XlfgxNQ_00001,data/Diving48_data/videos/sFO6XlfgxNQ_00001.mp4,46,32,10,16,36,False,False,0.9552594423294067,0.024254574003862217,0.05041715715560713,2.7603679680032656,179,2,32,32,False,
diving48,val,sFO6XlfgxNQ_00015,data/Diving48_data/videos/sFO6XlfgxNQ_00015.mp4,46,32,10,16,31,False,False,0.18648502230644226,0.02356136598973535,0.05041715715560713,2.732587974984199,84,1,32,32,False,
diving48,val,bSsVWVfYU4w_00082,data/Diving48_data/videos/bSsVWVfYU4w_00082.mp4,46,32,10,16,8,False,False,0.2076854109764099,0.021140080993063748,0.05041715715560713,2.705565498006763,89,1,32,32,False,
diving48,val,k71Cc-Sm-Mg_00163,data/Diving48_data/videos/k71Cc-Sm-Mg_00163.mp4,46,32,10,16,15,False,False,0.16607514023780823,0.022687056014547125,0.05041715715560713,2.6817291239858605,95,1,32,32,False,
diving48,val,zBXtMcI41z8_00097,data/Diving48_data/videos/zBXtMcI41z8_00097.mp4,46,32,10,16,15,False,False,0.32539165019989014,0.023816131986677647,0.05041715715560713,2.656504031998338,75,1,32,32,False,
diving48,val,k71Cc-Sm-Mg_00159,data/Diving48_data/videos/k71Cc-Sm-Mg_00159.mp4,46,32,10,16,36,False,False,0.9528847932815552,0.023936471989145502,0.05041715715560713,2.6300659810076468,155,1,32,32,False,
diving48,val,k71Cc-Sm-Mg_00026,data/Diving48_data/videos/k71Cc-Sm-Mg_00026.mp4,46,32,10,16,36,False,False,0.9980428218841553,0.024399559013545513,0.05041715715560713,2.6021461540076416,140,1,32,32,False,
diving48,val,k71Cc-Sm-Mg_00034,data/Diving48_data/videos/k71Cc-Sm-Mg_00034.mp4,46,32,10,16,36,False,False,0.8666390180587769,0.02123196399770677,0.05041715715560713,2.5743305630167015,92,1,32,32,False,
diving48,val,MbzIpx8kAD0_00022,data/Diving48_data/videos/MbzIpx8kAD0_00022.mp4,46,32,10,16,36,False,False,0.899885356426239,0.02206542599014938,0.05041715715560713,2.550015909015201,80,1,32,32,False,
diving48,val,zBXtMcI41z8_00106,data/Diving48_data/videos/zBXtMcI41z8_00106.mp4,46,32,10,16,15,False,False,0.16441017389297485,0.022363758005667478,0.05041715715560713,2.5249745690089185,66,1,32,32,False,
diving48,val,Le6xdQ2OO8w_00089,data/Diving48_data/videos/Le6xdQ2OO8w_00089.mp4,46,32,10,16,36,False,False,0.9369737505912781,0.02170252302312292,0.05041715715560713,2.4988923839991912,98,1,32,32,False,
diving48,val,zBXtMcI41z8_00015,data/Diving48_data/videos/zBXtMcI41z8_00015.mp4,46,32,10,16,7,False,False,0.19936390221118927,0.021986087987897918,0.05041715715560713,2.4731496880121995,61,1,32,32,False,
diving48,val,XfCaMLlyj9I_00029,data/Diving48_data/videos/XfCaMLlyj9I_00029.mp4,46,32,10,16,8,False,False,0.39223986864089966,0.026314711023587734,0.05041715715560713,2.4478896190121304,186,2,32,32,False,
diving48,val,ovWCmIMMkRI_00015,data/Diving48_data/videos/ovWCmIMMkRI_00015.mp4,46,32,10,16,36,False,False,0.5949845314025879,0.021954252006253228,0.05041715715560713,2.4185610939748585,56,1,32,32,False,
diving48,val,XfCaMLlyj9I_00042,data/Diving48_data/videos/XfCaMLlyj9I_00042.mp4,46,32,10,16,33,False,False,0.22102966904640198,0.025612319994252175,0.05041715715560713,2.392948061984498,93,1,32,32,False,
diving48,val,sFO6XlfgxNQ_00034,data/Diving48_data/videos/sFO6XlfgxNQ_00034.mp4,46,32,10,16,36,False,False,0.9633280634880066,0.022561398014659062,0.05041715715560713,2.362466732010944,69,1,32,32,False,
diving48,val,mGRum47TLX0_00033,data/Diving48_data/videos/mGRum47TLX0_00033.mp4,47,32,10,16,36,False,False,0.5132265686988831,0.02444375099730678,0.05041715715560713,2.336837191018276,80,1,32,32,False,
diving48,val,Le6xdQ2OO8w_00077,data/Diving48_data/videos/Le6xdQ2OO8w_00077.mp4,47,32,10,16,31,False,False,0.21100878715515137,0.022912894986802712,0.05041715715560713,2.3090563860023394,25,1,32,32,False,
diving48,val,CVAfPfVFulQ_00042,data/Diving48_data/videos/CVAfPfVFulQ_00042.mp4,47,32,10,16,25,False,False,0.12477996945381165,0.024859119002940133,0.05041715715560713,2.2839730700070504,88,1,32,32,False,
diving48,val,MbzIpx8kAD0_00023,data/Diving48_data/videos/MbzIpx8kAD0_00023.mp4,47,32,10,16,36,False,False,0.9628654718399048,0.02381399300065823,0.05041715715560713,2.2552542379999068,112,1,32,32,False,
diving48,val,bSsVWVfYU4w_00062,data/Diving48_data/videos/bSsVWVfYU4w_00062.mp4,47,32,10,16,31,False,False,0.288266122341156,0.021160539996344596,0.05041715715560713,2.2292393509997055,58,1,32,32,False,
diving48,val,Le6xdQ2OO8w_00061,data/Diving48_data/videos/Le6xdQ2OO8w_00061.mp4,47,32,10,16,36,False,False,0.901781439781189,0.022885919985128567,0.05041715715560713,2.2052874809887726,59,1,32,32,False,
diving48,val,CVAfPfVFulQ_00030,data/Diving48_data/videos/CVAfPfVFulQ_00030.mp4,47,32,10,16,36,False,False,0.2757377326488495,0.023009908996755257,0.05041715715560713,2.1774484509951435,103,1,32,32,False,
diving48,val,CVAfPfVFulQ_00041,data/Diving48_data/videos/CVAfPfVFulQ_00041.mp4,47,32,10,16,19,False,False,0.36467245221138,0.0231937869975809,0.05041715715560713,2.1518863489909563,127,1,32,32,False,
diving48,val,Le6xdQ2OO8w_00078,data/Diving48_data/videos/Le6xdQ2OO8w_00078.mp4,47,32,10,16,3,False,False,0.35370615124702454,0.022857864998513833,0.05041715715560713,2.1266902950010262,124,1,32,32,False,
diving48,val,mGRum47TLX0_00040,data/Diving48_data/videos/mGRum47TLX0_00040.mp4,47,32,10,16,19,False,False,0.48573318123817444,0.022204864013474435,0.05041715715560713,2.100449101009872,57,1,32,32,False,
diving48,val,bSsVWVfYU4w_00073,data/Diving48_data/videos/bSsVWVfYU4w_00073.mp4,47,32,10,16,36,False,False,0.5934674739837646,0.0228246430051513,0.05041715715560713,2.0752170359774027,165,1,32,32,False,
diving48,val,ovWCmIMMkRI_00051,data/Diving48_data/videos/ovWCmIMMkRI_00051.mp4,47,32,10,16,31,False,False,0.4104185402393341,0.022844361985335127,0.05041715715560713,2.0496195089945104,126,1,32,32,False,
diving48,val,CVAfPfVFulQ_00037,data/Diving48_data/videos/CVAfPfVFulQ_00037.mp4,47,32,10,16,36,False,False,0.4641687870025635,0.02879643702181056,0.05041715715560713,2.0238021459954325,88,1,32,32,False,
diving48,val,bSsVWVfYU4w_00063,data/Diving48_data/videos/bSsVWVfYU4w_00063.mp4,47,32,10,16,36,False,False,0.9737144112586975,0.023828659002901986,0.046117561569969566,0.5680088379886001,119,1,32,32,False,
diving48,val,mGRum47TLX0_00031,data/Diving48_data/videos/mGRum47TLX0_00031.mp4,47,32,10,16,3,False,False,0.3795110285282135,0.02430816800915636,0.046117561569969566,0.5403890120214783,87,1,32,32,False,
diving48,val,bSsVWVfYU4w_00075,data/Diving48_data/videos/bSsVWVfYU4w_00075.mp4,47,32,10,16,31,False,False,0.19894170761108398,0.022358175017870963,0.046117561569969566,0.5135896329884417,99,1,32,32,False,
diving48,val,bSsVWVfYU4w_00070,data/Diving48_data/videos/bSsVWVfYU4w_00070.mp4,47,32,10,16,16,False,False,0.2683044373989105,0.02176541299559176,0.046117561569969566,0.4885766780062113,115,1,32,32,False,
diving48,val,CVAfPfVFulQ_00046,data/Diving48_data/videos/CVAfPfVFulQ_00046.mp4,47,32,10,16,36,False,False,0.27036288380622864,0.023728993022814393,0.046117561569969566,0.4642697520030197,122,1,32,32,False,
diving48,val,bSsVWVfYU4w_00074,data/Diving48_data/videos/bSsVWVfYU4w_00074.mp4,47,32,10,16,36,False,True,0.5278617143630981,0.023965861997567117,0.046117561569969566,0.4381604229856748,178,2,32,32,False,
diving48,val,mGRum47TLX0_00037,data/Diving48_data/videos/mGRum47TLX0_00037.mp4,47,32,10,16,19,False,False,0.8161441087722778,0.022079543996369466,0.046117561569969566,0.41161051898961887,66,1,32,32,False,
